turn,gold
1,6
2,11
3,15
4,16
5,15
6,15
7,18
8,19
9,18
10,18
11,17
12,20
13,19
14,24
15,24
16,25
17,22
18,23
19,20
20,20
21,17
22,17
23,18
24,15
25,12
26,12
27,12
28,12
29,12
30,12
31,9
32,6
33,3
34,3
35,3
36,3
37,0
38,0
39,0
40,0
41,0
42,0
43,0
44,0
45,0
46,0
47,0
48,0
49,0
50,0
51,0
52,0
53,0
54,0
55,0
56,0
57,0
58,0
59,1
60,2
61,3
62,3
63,3
64,3
65,0
66,0
67,0
68,0
69,0
70,0
71,0
72,0
73,0
74,0
75,0
76,0
77,0
78,0
79,0
80,0
81,0
82,0
83,0
84,0
85,0
86,0
87,0
88,0
89,0
90,0
91,0
92,0
93,0
94,0
95,0
96,0
97,0
98,0
99,0
100,0
101,0
102,0
103,0
104,0
105,0
106,0
107,0
108,0
109,0
110,0
111,0
112,0
113,0
114,0
115,0
116,0
117,0
118,0
119,0
120,0
121,0
122,0
123,0
124,0
125,0
126,0
127,0
128,0
129,0
130,0
131,0
132,0
133,0
134,0
135,0
136,0
137,0
138,0
139,0
140,0
141,0
142,0
143,0
144,0
145,0
146,0
147,0
148,0
149,0
150,0
151,0
152,0
153,0
154,0
155,0
156,0
157,0
158,0
159,0
160,0
161,0
162,0
163,0
164,0
165,0
166,0
167,0
168,0
169,0
170,0
171,0
172,0
173,0
174,0
175,0
176,0
177,0
178,0
179,0
180,0
181,0
182,0
183,0
184,0
185,0
186,0
187,0
188,0
189,0
190,0
191,0
192,0
193,0
194,0
195,0
196,0
197,0
198,0
199,0
200,0
201,0
202,0
203,0
204,0
205,0
206,0
207,0
208,0
209,0
210,0
211,0
212,0
213,0
214,0
215,0
216,0
217,0
218,0
219,0
220,0
221,0
222,0
223,0
224,0
225,0
226,0
227,0
228,0
229,0
230,0
231,0
232,0
233,0
234,0
235,0
236,0
237,0
238,0
239,0
240,0
241,0
242,0
243,0
244,0
245,0
246,0
247,0
248,0
249,0
250,0
251,0
252,0
253,0
254,0
255,0
256,0
257,0
258,0
259,0
260,0
261,0
262,0
263,0
264,0
265,0
266,0
267,0
268,0
269,0
270,0
271,0
272,0
273,0
274,0
275,0
276,0
277,0
278,0
279,0
280,0
281,0
282,0
283,0
284,0
285,0
286,0
287,0
288,0
289,0
290,0
291,0
292,0
293,0
294,0
295,0
296,0
297,0
298,0
299,0
300,0
301,0
302,0
303,0
304,0
305,0
306,0
307,0
308,0
309,0
310,0
311,0
312,0
313,0
314,0
315,0
316,0
317,0
318,0
319,0
320,0
321,0
322,0
323,0
324,0
325,0
326,0
327,0
328,0
329,0
330,0
331,0
332,0
333,0
334,0
335,0
336,0
337,0
338,0
339,0
340,0
341,0
342,0
343,0
344,0
345,0
346,0
347,0
348,0
349,0
350,0
351,0
352,0
353,0
354,0
355,0
356,0
357,0
358,0
359,0
360,0
361,0
362,0
363,0
364,0
365,0
366,0
367,0
368,0
369,0
370,0
371,0
372,0
373,0
374,0
375,0
376,0
377,0
378,0
379,0
380,0
381,0
382,0
383,0
384,0
385,0
386,0
387,0
388,0
389,0
390,0
391,0
392,0
393,0
394,0
395,0
396,0
397,0
398,0
399,0
400,0
401,0
402,0
403,0
404,0
405,0
406,0
407,0
408,0
409,0
410,0
411,0
412,0
413,0
414,0
415,0
416,0
417,0
418,0
419,0
420,0
421,0
422,0
423,0
424,0
425,0
426,0
427,0
428,0
429,0
430,0
431,0
432,0
433,0
434,0
435,0
436,0
437,0
438,0
439,0
440,0
441,0
442,0
443,0
444,0
445,0
446,0
447,0
448,0
449,0
450,0
451,0
452,0
453,0
454,0
455,0
456,0
457,0
458,0
459,0
460,0
461,0
462,0
463,0
464,0
465,0
466,0
467,0
468,0
469,0
470,0
471,0
472,0
473,0
474,0
475,0
476,0
477,0
478,0
479,0
480,0
481,0
482,1
483,0
484,0
485,1
486,0
487,1
488,0
489,4
490,7
491,4
492,1
493,0
494,0
495,0
496,0
497,0
498,1
499,1
500,2
501,3
502,4
503,4
504,5
505,9
506,6
507,6
508,6
509,3
510,0
511,0
512,0
513,0
514,0
515,1
516,2
517,2
518,6
519,7
520,6
521,7
522,11
523,8
524,5
525,5
526,6
527,3
528,3
529,3
530,3
531,3
532,0
533,0
534,3
535,3
536,0
537,0
538,0
539,0
540,5
541,10
542,10
543,14
544,15
545,16
546,16
547,16
548,16
549,16
550,15
551,14
552,14
553,14
554,18
555,19
556,19
557,19
558,23
559,25
560,25
561,26
562,27
563,28
564,28
565,29
566,30
567,31
568,32
569,33
570,33
571,33
572,37
573,41
574,41
575,44
576,44
577,45
578,45
579,50
580,50
581,50
582,52
583,52
584,55
585,55
586,58
587,55
588,55
589,55
590,55
591,59
592,63
593,68
594,72
595,72
596,73
597,73
598,72
599,72
600,77
601,76
602,75
603,74
604,73
605,72
606,71
607,70
608,69
609,74
610,78
611,77
612,82
613,83
614,82
615,84
616,83
617,88
618,87
619,91
620,92
621,92
622,89
623,88
624,89
625,90
626,91
627,92
628,93
629,94
630,95
631,96
632,96
633,96
634,96
635,96
636,96
637,96
638,96
639,96
640,95
641,97
642,98
643,99
644,98
645,102
646,103
647,103
648,100
649,97
650,97
651,94
652,94
653,95
654,95
655,98
656,100
657,97
658,97
659,97
660,98
661,97
662,101
663,101
664,100
665,101
666,101
667,101
668,101
669,103
670,103
671,103
672,106
673,107
674,108
675,109
676,109
677,110
678,111
679,111
680,111
681,112
682,112
683,112
684,112
685,113
686,113
687,116
688,116
689,116
690,113
691,113
692,110
693,110
694,111
695,112
696,113
697,113
698,110
699,111
700,111
701,111
702,111
703,116
704,113
705,114
706,114
707,114
708,114
709,111
710,111
711,111
712,111
713,111
714,111
715,111
716,111
717,111
718,111
719,111
720,111
721,111
722,111
723,111
724,111
725,111
726,111
727,110
728,114
729,117
730,114
731,111
732,110
733,112
734,109
735,108
736,109
737,114
738,113
739,115
740,114
741,118
742,117
743,118
744,117
745,120
746,119
747,123
748,122
749,121
750,120
751,123
752,122
753,121
754,120
755,119
756,118
757,117
758,116
759,116
760,115
761,114
762,118
763,117
764,120
765,119
766,119
767,118
768,120
769,119
770,119
771,118
772,121
773,120
774,124
775,123
776,127
777,126
778,125
779,124
780,127
781,126
782,126
783,125
784,124
785,123
786,122
787,121
788,120
789,122
790,121
791,120
792,121
793,118
794,117
795,116
796,119
797,118
798,122
799,121
800,126
801,125
802,125
803,122
804,121
805,123
806,120
807,119
808,116
809,117
810,116
811,120
812,125
813,125
814,122
815,119
816,118
817,119
818,118
819,123
820,127
821,127
822,127
823,128
824,127
825,128
826,129
827,128
828,131
829,132
830,129
831,128
832,131
833,136
834,135
835,135
836,134
837,133
838,135
839,134
840,137
841,136
842,135
843,134
844,133
845,136
846,135
847,138
848,137
849,137
850,136
851,138
852,137
853,137
854,142
855,143
856,142
857,147
858,146
859,147
860,149
861,153
862,152
863,157
864,156
865,160
866,159
867,160
868,159
869,159
870,158
871,158
872,157
873,158
874,157
875,156
876,155
877,156
878,155
879,158
880,157
881,162
882,161
883,160
884,159
885,158
886,157
887,159
888,163
889,166
890,167
891,168
892,165
893,162
894,159
895,156
896,153
897,150
898,147
899,144
900,141
901,138
902,135
903,132
904,129
905,126
906,125
907,124
908,127
909,124
910,123
911,120
912,117
913,116
914,113
915,110
916,109
917,108
918,107
919,106
920,108
921,107
922,106
923,105
924,104
925,103
926,102
927,101
928,100
929,99
930,98
931,97
932,96
933,95
934,94
935,93
936,92
937,91
938,90
939,89
940,88
941,87
942,86
943,85
944,84
945,83
946,82
947,81
948,80
949,79
950,78
951,77
952,76
953,75
954,74
955,73
956,72
957,71
958,70
959,69
960,68
961,67
962,66
963,65
964,64
965,63
966,62
967,61
968,60
969,59
970,58
971,57
972,56
973,55
974,54
975,53
976,52
977,51
978,50
979,49
980,48
981,47
982,46
983,45
984,44
985,43
986,42
987,41
988,40
989,39
990,38
991,37
992,36
993,35
994,34
995,33
996,32
997,31
998,30
999,29
1000,28
1001,27
1002,26
1003,25
1004,24
1005,23
1006,22
1007,21
1008,20
1009,19
1010,18
1011,17
1012,16
1013,15
1014,14
1015,13
1016,12
1017,11
1018,10
1019,10
1020,9
1021,8
1022,7
1023,6
1024,8
1025,7
1026,9
1027,6
1028,5
1029,5
1030,4
1031,8
1032,7
1033,6
1034,5
1035,4
1036,3
1037,2
1038,1
1039,0
1040,0
1041,0
1042,0
1043,0
1044,0
1045,0
1046,0
1047,0
1048,0
1049,0
1050,0
1051,0
1052,0
1053,0
1054,0
1055,0
1056,0
1057,0
1058,0
1059,0
1060,0
1061,0
1062,0
1063,0
1064,0
1065,0
1066,0
1067,0
1068,0
1069,0
1070,0
1071,0
1072,0
1073,0
1074,0
1075,0
1076,0
1077,0
1078,0
1079,0
1080,0
1081,0
1082,0
1083,0
1084,0
1085,0
1086,0
1087,0
1088,0
1089,0
1090,0
1091,0
1092,0
1093,0
1094,0
1095,0
1096,0
1097,0
1098,0
1099,0
1100,0
1101,0
1102,0
1103,0
1104,0
1105,0
1106,0
1107,0
1108,0
1109,0
1110,0
1111,0
1112,0
1113,0
1114,0
1115,0
1116,0
1117,0
1118,0
1119,0
1120,0
1121,0
1122,0
1123,0
1124,0
1125,0
1126,0
1127,0
1128,0
1129,0
1130,0
1131,0
1132,0
1133,0
1134,0
1135,0
1136,0
1137,0
1138,0
1139,0
1140,0
1141,0
1142,0
1143,0
1144,0
1145,0
1146,0
1147,0
1148,0
1149,0
1150,0
1151,0
1152,0
1153,0
1154,0
1155,0
1156,0
1157,0
1158,0
1159,0
1160,0
1161,0
1162,0
1163,0
1164,0
1165,0
1166,0
1167,0
1168,0
1169,0
1170,0
1171,0
1172,0
1173,0
1174,0
1175,0
1176,0
1177,0
1178,0
1179,0
1180,0
1181,0
1182,0
1183,0
1184,0
1185,0
1186,0
1187,0
1188,0
1189,0
1190,0
1191,0
1192,0
1193,0
1194,0
1195,0
1196,0
1197,0
1198,0
1199,0
1200,0
1201,0
1202,0
1203,0
1204,0
1205,0
1206,0
1207,0
1208,0
1209,0
1210,0
