turn,gold
1,5
2,10
3,14
4,18
5,18
6,18
7,19
8,19
9,24
10,28
11,27
12,32
13,31
14,30
15,29
16,28
17,27
18,26
19,26
20,25
21,25
22,25
23,25
24,25
25,24
26,24
27,24
28,24
29,24
30,23
31,23
32,22
33,26
34,27
35,27
36,28
37,29
38,30
39,31
40,28
41,27
42,28
43,29
44,30
45,31
46,30
47,30
48,33
49,34
50,33
51,38
52,39
53,38
54,39
55,39
56,39
57,38
58,37
59,36
60,35
61,34
62,33
63,32
64,31
65,30
66,29
67,28
68,27
69,26
70,25
71,24
72,23
73,22
74,21
75,20
76,19
77,18
78,18
79,18
80,18
81,18
82,17
83,19
84,19
85,18
86,17
87,16
88,15
89,14
90,13
91,12
92,11
93,10
94,9
95,8
96,7
97,6
98,5
99,4
100,3
101,2
102,1
103,0
104,0
105,0
106,0
107,0
108,0
109,0
110,0
111,0
112,0
113,0
114,0
115,0
116,0
117,0
118,0
119,0
120,0
121,0
122,0
123,0
124,0
125,0
126,0
127,0
128,0
129,0
130,0
131,0
132,0
133,0
134,0
135,0
136,0
137,0
138,0
139,0
140,0
141,0
142,0
143,0
144,0
145,0
146,0
147,0
148,0
149,0
150,0
151,0
152,0
153,0
154,0
155,0
156,0
157,0
158,0
159,0
160,0
161,0
162,0
163,0
164,0
165,0
166,0
167,0
168,0
169,0
170,0
171,0
172,0
173,0
174,0
175,0
176,0
177,0
178,0
179,0
180,0
181,0
182,0
183,0
184,0
185,0
186,0
187,0
188,0
189,0
190,0
191,0
192,0
193,0
194,0
195,0
196,0
197,0
198,0
199,0
200,0
201,0
202,0
203,0
204,0
205,0
206,0
207,0
208,0
209,0
210,0
211,0
212,0
213,0
214,0
215,0
216,0
217,0
218,0
219,0
220,0
221,0
222,0
223,0
224,0
225,0
226,0
227,3
228,6
229,10
230,9
231,12
232,11
233,14
234,13
235,12
236,11
237,10
238,9
239,8
240,7
241,6
242,5
243,5
244,4
245,3
246,4
247,1
248,0
249,0
250,0
251,0
252,0
253,0
254,0
255,1
256,0
257,0
258,0
259,0
260,0
261,0
262,0
263,0
264,0
265,0
266,0
267,0
268,0
269,0
270,0
271,0
272,0
273,0
274,0
275,0
276,0
277,0
278,0
279,0
280,0
281,0
282,0
283,0
284,0
285,0
286,0
287,0
288,0
289,0
290,0
291,0
292,0
293,0
294,0
295,0
296,0
297,0
298,0
299,0
300,0
301,0
302,0
303,0
304,0
305,0
306,0
307,0
308,0
309,0
310,0
311,0
312,0
313,0
314,0
315,5
316,5
317,5
318,5
319,5
320,5
321,5
322,5
323,5
324,5
325,5
326,5
327,5
328,5
329,5
330,5
331,5
332,5
333,5
334,5
335,5
336,5
337,5
338,5
339,6
340,5
341,5
342,5
343,5
344,5
345,5
346,5
347,9
348,9
349,9
350,9
351,9
352,9
353,11
354,8
355,7
356,7
357,7
358,7
359,7
360,7
361,7
362,7
363,7
364,7
365,7
366,9
367,9
368,9
369,9
370,9
371,9
372,11
373,10
374,9
375,8
376,7
377,6
378,5
379,4
380,3
381,2
382,1
383,0
384,0
385,0
386,0
387,0
388,0
389,0
390,0
391,0
392,0
393,0
394,0
395,4
396,9
397,8
398,8
399,8
400,8
401,7
402,7
403,6
404,6
405,5
406,4
407,3
408,2
409,1
410,3
411,2
412,7
413,6
414,5
415,4
416,3
417,2
418,1
419,4
420,3
421,2
422,1
423,0
424,0
425,0
426,0
427,0
428,0
429,0
430,0
431,0
432,0
433,0
434,0
435,0
436,0
437,0
438,0
439,3
440,2
441,1
442,0
443,0
444,1
445,0
446,1
447,0
448,0
449,0
450,0
451,0
452,0
453,0
454,0
455,0
456,0
457,0
458,0
459,0
460,0
461,0
462,0
463,0
464,0
465,0
466,0
467,0
468,0
469,0
470,4
471,3
472,2
473,1
474,0
475,5
476,4
477,6
478,5
479,8
480,7
481,8
482,7
483,10
484,9
485,9
486,10
487,10
488,9
489,9
490,9
491,9
492,9
493,9
494,9
495,9
496,9
497,9
498,9
499,9
500,9
501,9
502,8
503,7
504,6
505,5
506,4
507,3
508,2
509,1
510,1
511,6
512,5
513,4
514,3
515,2
516,1
517,0
518,2
519,1
520,0
521,0
522,0
523,0
524,5
525,4
526,7
527,6
528,5
529,4
530,3
531,2
532,1
533,0
534,0
535,0
536,0
537,0
538,0
539,0
540,2
541,1
542,1
543,1
544,1
545,1
546,1
547,1
548,1
549,1
550,1
551,1
552,1
553,1
554,1
555,1
556,1
557,1
558,1
559,1
560,1
561,1
562,1
563,1
564,1
565,1
566,1
567,1
568,1
569,1
570,1
571,1
572,1
573,1
574,1
575,6
576,5
577,6
578,5
579,6
580,5
581,5
582,4
583,9
584,9
585,8
586,10
587,9
588,8
589,8
590,8
591,8
592,8
593,8
594,8
595,13
596,12
597,11
598,11
599,11
600,11
601,11
602,13
603,13
604,13
605,13
606,13
607,14
608,14
609,14
610,14
611,14
612,14
613,18
614,18
615,18
616,22
617,22
618,26
619,26
620,26
621,26
622,26
623,27
624,26
625,26
626,27
627,27
628,29
629,30
630,29
631,30
632,31
633,32
634,33
635,34
636,33
637,34
638,35
639,36
640,37
641,36
642,37
643,38
644,39
645,38
646,39
647,39
648,39
649,39
650,39
651,39
652,39
653,39
654,39
655,39
656,39
657,39
658,39
659,39
660,40
661,40
662,40
663,40
664,40
665,40
666,40
667,40
668,40
669,40
670,40
671,40
672,40
673,40
674,40
675,40
676,40
677,39
678,38
679,39
680,39
681,41
682,40
683,41
684,41
685,42
686,41
687,43
688,43
689,43
690,43
691,40
692,40
693,39
694,40
695,40
696,39
697,39
698,39
699,40
700,41
701,41
702,40
703,44
704,43
705,42
706,41
707,40
708,45
709,44
710,43
711,42
712,41
713,43
714,42
715,41
716,42
717,41
718,42
719,41
720,42
721,41
722,42
723,43
724,42
725,43
726,42
727,41
728,42
729,41
730,42
731,41
732,40
733,39
734,38
735,37
736,38
737,37
738,38
739,37
740,38
741,37
742,38
743,37
744,38
745,37
746,38
747,37
748,38
749,37
750,38
751,37
752,36
753,35
754,36
755,35
756,34
757,35
758,34
759,35
760,34
761,33
762,32
763,33
764,32
765,33
766,32
767,33
768,32
769,33
770,32
771,33
772,32
773,33
774,32
775,33
776,32
777,31
778,32
779,31
780,32
781,31
782,32
783,31
784,30
785,31
786,30
787,31
788,30
789,31
790,30
791,31
792,30
793,29
794,30
795,29
796,30
797,29
798,30
799,31
800,30
801,29
802,30
803,29
804,28
805,29
806,28
807,27
808,26
809,25
810,26
811,25
812,26
813,25
814,26
815,27
816,26
817,27
818,28
819,27
820,26
821,25
822,26
823,27
824,26
825,27
826,26
827,27
828,26
829,27
830,26
831,27
832,26
833,27
834,26
835,25
836,26
837,25
838,24
839,23
840,22
841,23
842,22
843,23
844,22
845,23
846,22
847,23
848,22
849,23
850,22
851,23
852,22
853,23
854,24
855,23
856,22
857,22
858,21
859,24
860,23
861,24
862,23
863,24
864,25
865,24
866,25
867,24
868,23
869,24
870,23
871,22
872,21
873,20
874,19
875,18
876,19
877,20
878,19
879,20
880,22
881,22
882,22
883,23
884,24
885,24
886,25
887,25
888,26
889,27
890,28
891,29
892,30
893,31
894,32
895,31
896,32
897,33
898,37
899,34
900,33
901,37
902,37
903,36
904,37
905,40
906,41
907,40
908,39
909,38
910,41
911,40
912,45
913,46
914,45
915,50
916,49
917,48
918,49
919,49
920,50
921,49
922,52
923,51
924,52
925,54
926,51
927,50
928,50
929,51
930,50
931,51
932,52
933,53
934,54
935,55
936,54
937,55
938,56
939,57
940,58
941,59
942,59
943,60
944,61
945,62
946,63
947,64
948,65
949,64
950,65
951,66
952,67
953,68
954,69
955,68
956,69
957,70
958,71
959,72
960,73
961,72
962,76
963,77
964,76
965,77
966,78
967,77
968,78
969,79
970,78
971,77
972,78
973,77
974,76
975,77
976,78
977,77
978,78
979,79
980,80
981,80
982,80
983,81
984,82
985,81
986,82
987,83
988,82
989,83
990,82
991,83
992,84
993,85
994,84
995,85
996,86
997,85
998,86
999,85
1000,86
1001,85
1002,84
1003,83
1004,82
1005,81
1006,82
1007,81
1008,82
1009,83
1010,82
1011,83
1012,82
1013,83
1014,84
1015,86
1016,85
1017,84
1018,86
1019,89
1020,90
1021,90
1022,95
1023,92
1024,91
1025,96
1026,93
1027,92
1028,92
1029,94
1030,95
1031,94
1032,93
1033,92
1034,93
1035,93
1036,94
1037,99
1038,98
1039,97
1040,96
1041,95
1042,94
1043,93
1044,94
1045,93
1046,94
1047,97
1048,96
1049,97
1050,96
1051,95
1052,94
1053,95
1054,94
1055,95
1056,94
1057,93
1058,94
1059,93
1060,94
1061,93
1062,92
1063,91
1064,90
1065,89
1066,88
1067,87
1068,86
1069,85
1070,84
1071,85
1072,84
1073,83
1074,82
1075,81
1076,82
1077,81
1078,80
1079,79
1080,80
1081,79
1082,80
1083,79
1084,80
1085,79
1086,80
1087,81
1088,80
1089,81
1090,82
1091,81
1092,80
1093,79
1094,78
1095,79
1096,78
1097,77
1098,76
1099,75
1100,74
1101,73
1102,72
1103,73
1104,72
1105,73
1106,72
1107,71
1108,72
1109,71
1110,72
1111,71
1112,72
1113,71
1114,72
1115,73
1116,74
1117,73
1118,72
1119,71
1120,72
1121,71
1122,72
1123,71
1124,72
1125,71
1126,72
1127,71
1128,70
1129,69
1130,70
1131,69
1132,68
1133,69
1134,70
1135,69
1136,70
1137,69
1138,68
1139,69
1140,68
1141,67
1142,66
1143,67
1144,66
1145,67
1146,66
1147,67
1148,66
1149,67
1150,66
1151,67
1152,66
1153,67
1154,66
1155,67
1156,66
1157,65
1158,66
1159,65
1160,66
1161,65
1162,66
1163,65
1164,64
1165,63
1166,62
1167,63
1168,62
1169,61
1170,62
1171,61
1172,60
1173,61
1174,60
1175,61
1176,60
1177,60
1178,61
1179,60
1180,61
1181,60
1182,59
1183,58
1184,57
1185,58
1186,57
1187,58
1188,57
1189,58
1190,59
1191,58
1192,57
1193,58
1194,57
1195,58
1196,57
1197,58
1198,57
1199,58
1200,57
1201,58
1202,57
1203,56
1204,55
1205,54
1206,55
1207,54
1208,55
1209,54
1210,55
1211,54
1212,55
1213,54
1214,55
1215,54
1216,55
1217,54
1218,55
1219,54
1220,53
1221,52
1222,51
1223,52
1224,51
1225,52
1226,51
1227,52
1228,51
1229,52
1230,51
1231,52
1232,51
1233,52
1234,51
1235,52
1236,51
1237,50
1238,51
1239,50
1240,51
1241,50
1242,51
1243,50
1244,49
1245,50
1246,49
1247,48
1248,49
1249,48
1250,49
1251,48
1252,49
1253,48
1254,49
1255,48
1256,49
1257,48
1258,49
1259,48
1260,49
1261,48
1262,47
1263,48
1264,47
1265,48
1266,47
1267,48
1268,47
1269,48
1270,47
1271,48
1272,47
1273,46
1274,47
1275,46
1276,47
1277,46
1278,45
1279,46
1280,45
1281,46
1282,45
1283,46
1284,45
1285,46
1286,45
1287,46
1288,45
1289,44
1290,45
1291,44
1292,45
1293,44
1294,45
1295,44
1296,45
1297,44
1298,45
1299,44
1300,43
1301,44
1302,43
1303,44
1304,43
1305,44
1306,45
1307,44
1308,43
1309,44
1310,43
1311,44
1312,43
1313,44
1314,43
1315,44
1316,43
1317,44
1318,43
1319,44
1320,43
1321,44
1322,43
1323,44
1324,43
1325,44
1326,43
1327,44
1328,43
1329,42
1330,43
1331,42
1332,43
1333,42
1334,43
1335,42
1336,43
1337,42
1338,43
1339,42
1340,41
1341,42
1342,41
1343,42
1344,41
1345,42
1346,41
1347,42
1348,41
1349,40
1350,41
1351,40
