1,1,0,0,0,0,0.25,0, 0,0,0,0,0,0,0.19,0
1,1,0,0.94,0.03,0.03,0,0, -0.47,0.10000000000000009,0.03,-0.94,-0.03,0.0,0,0
0.53,1.1,0.03,0.98,0.04,0.03,0,0, -0.49000000000000005,0.0,-0.03,-0.265,0.0,0.0,0,0
0.04,1.1,0.0,0.1,0.01,0,0,0, 0.0,0.0,0.0,0.0,0.0,0,0,0
0.04,1.1,0.0,0.33,0.05,0.03,0,0, -0.04,0.0,0.0,-0.020000000000000018,0.0,0.0,0,0
0,1.1,0,0.13,0.01,0.03,0,0, 0,0.0,0,0.0,0.0,0.0,0,0
0,1.1,0,0.45,0.02,0.03,0,0, 0,0.0,0,0.0,0.0,0.0,0,0
0,1.1,0,0.4,0.05,0.03,0,0, 0,0.0,0,0.0,0.0,0.0,0,0
0,1.1,0,0.715,0.04,0.03,0,0, 0,0.0,0,0.0,0.0,0.0,0,0
0,1.1,0,0.13,0.01,0.03,0,0, 0,0.0,0,0.0,0.0,0.0,0,0
0,1.1,0,0,0,0,1,0.01, 0,0.0,0,0,0,0,0,0.0
0,1.1,0,0.715,0.04,0.03,0,0, 0,0.0,0,0.0,0.0,0.0,0,0
0,1.1,0,0,0,0,1,0.01, 0,0.0,0,0,0,0,0,0.0
0,1.1,0,0.13,0.01,0.03,0,0, 0,0.0,0,0.0,0.0,0.0,0,0
0,1.1,0,0.31,0.05,0.03,0,0, 0,0.0,0,0.0,0.0,0.0,0,0
0,1.1,0,0.1,0.01,0,0,0, 0,0.0,0,0.0,0.0,0,0,0
0,1.1,0,0,0,0,1,0.01, 0,0.0,0,0,0,0,0,0.0
0,1.1,0,0.715,0.04,0.03,0,0, 0,0.0,0,0.0,0.0,0.0,0,0
0,1.1,0,0.31,0.05,0.03,0,0, 0,0.0,0,0.0,0.0,0.0,0,0
0,1.1,0,0,0,0,0.44,0, 0.44,0.0,0,0,0,0,-0.12,0
0.44,1.1,0,0,0,0,1,0.01, 0.0,0.0,0,0,0,0,0,0.0
0.44,1.1,0,0.31,0.05,0.03,0,0, -0.15000000000000002,0.10000000000000009,0.05,-0.31,-0.05,0.0,0,0
0.29,1.2000000000000002,0.05,0.4,0.05,0.03,0,0, -0.19999999999999998,0.0,-0.030000000000000002,-0.14500000000000002,0.0,0.0,0,0
0.09,1.2000000000000002,0.02,0.45,0.02,0.03,0,0, -0.09,0.0,-0.02,-0.044999999999999984,0.0,0.0,0,0
0,1.2000000000000002,0,0,0,0,0.32,0, 0.32,0.0,0,0,0,0,0.03999999999999998,0
0.32,1.2000000000000002,0,0.13,0.01,0.03,0,0, -0.06,0.10000000000000009,0.01,-0.13,-0.01,0.0,0,0
0.26,1.3000000000000003,0.01,0,0,0,0.36,0, 0.36,0.0,0.0,0,0,0,-0.19999999999999998,0
0.62,1.3000000000000003,0.01,0.35,0.02,0.03,0,0, -0.16999999999999998,0.10000000000000009,0.019999999999999997,-0.35,-0.02,0.0,0,0
0.45,1.4000000000000004,0.03,0.405,0.02,0.03,0,0, -0.2,0.10000000000000009,0.020000000000000004,-0.405,-0.02,0.0,0,0
0.25,1.5000000000000004,0.05,0.715,0.04,0.03,0,0, -0.25,0.0,-0.030000000000000002,-0.125,0.0,0.0,0,0
0,1.5000000000000004,0.02,0.4,0.0,0.03,0,0, 0,0.0,-0.02,0.0,0.0,0.0,0,0
0,1.5000000000000004,0,0.33,0.04,0.03,0,0, 0,0.0,0,0.0,0.0,0.0,0,0
0,1.5000000000000004,0,0,0,0,1,0.01, 0,0.0,0,0,0,0,0,0.0
0,1.5000000000000004,0,0.68,0.02,0.03,0,0, 0,0.0,0,0.0,0.0,0.0,0,0
0,1.5000000000000004,0,0,0,0,0.16,0, 0.16,0.0,0,0,0,0,0.30999999999999994,0
0.16,1.5000000000000004,0,0.255,0.05,0.03,0,0, -0.13,0.0,0,-0.08000000000000002,0.0,0.0,0,0
0.03,1.5000000000000004,0,0.59,0.04,0.03,0,0, -0.03,0.0,0,-0.015000000000000013,0.0,0.0,0,0
0,1.5000000000000004,0,0.575,0.04,0.03,0,0, 0,0.0,0,0.0,0.0,0.0,0,0
0,1.5000000000000004,0,0.175,0.05,0.03,0,0, 0,0.0,0,0.0,0.0,0.0,0,0
0,1.5000000000000004,0,0.33,0.04,0.03,0,0, 0,0.0,0,0.0,0.0,0.0,0,0
0,1.5000000000000004,0,0.1,0.01,0,0,0, 0,0.0,0,0.0,0.0,0,0,0
0,1.5000000000000004,0,0.175,0.05,0.03,0,0, 0,0.0,0,0.0,0.0,0.0,0,0
0,1.5000000000000004,0,0,0,0,0.47,0, 0.47,0.0,0,0,0,0,-0.36,0
0.47,1.5000000000000004,0,0,0,0,0.11,0, 0.10999999999999999,0.0,0,0,0,0,0.020000000000000004,0
0.58,1.5000000000000004,0,0.175,0.05,0.03,0,0, -0.08999999999999997,0.10000000000000009,0.05,-0.175,-0.05,0.0,0,0
0.49,1.6000000000000005,0.05,0.33,0.04,0.03,0,0, -0.16999999999999998,0.10000000000000009,0.039999999999999994,-0.33,-0.04,0.0,0,0
0.32,1.7000000000000006,0.09,0.1,0.01,0,0,0, -0.1,0.0,0.009999999999999995,0.0,0.0,0,0,0
0.22,1.7000000000000006,0.09999999999999999,0,0,0,0.13,0, 0.12999999999999998,0.0,0.0,0,0,0,0.27,0
0.35,1.7000000000000006,0.09999999999999999,0,0,0,0.4,0, 0.4,0.0,0.0,0,0,0,-0.040000000000000036,0
0.75,1.7000000000000006,0.09999999999999999,0,0,0,0.36,0, 0.25,0.0,0.0,0,0,0,0.08000000000000002,0
1,1.7000000000000006,0.09999999999999999,0.4,0.0,0.03,0,0, -0.19999999999999996,0.10000000000000009,1.3877787807814457e-17,-0.4,0.0,0.0,0,0
0.8,1.8000000000000007,0.1,0,0,0,1,0.01, 0.19999999999999996,0.0,-0.009999999999999995,0,0,0,-0.040000000000000036,0.0
1,1.8000000000000007,0.09000000000000001,0.8,0.0,0.03,0,0, -0.4,0.10000000000000009,-1.3877787807814457e-17,-0.8,0.0,0.0,0,0
0.6,1.9000000000000008,0.09,0,0,0,0.44,0, 0.4,0.0,0.0,0,0,0,-0.09000000000000002,0
1,1.9000000000000008,0.09,0.575,0.04,0.03,0,0, -0.29000000000000004,0.10000000000000009,0.04000000000000001,-0.575,-0.04,0.0,0,0
0.71,2.000000000000001,0.13,0.66,0.05,0.03,0,0, -0.32999999999999996,0.10000000000000009,0.04999999999999999,-0.66,-0.05,0.0,0,0
0.38,2.100000000000001,0.18,0,0,0,0.35,0, 0.35,0.0,0.0,0,0,0,0.040000000000000036,0
0.73,2.100000000000001,0.18,0.1,0.01,0,0,0, -0.09999999999999998,0.0,0.010000000000000009,0.0,0.0,0,0,0
0.63,2.100000000000001,0.19,0.31,0.01,0.03,0,0, -0.16000000000000003,0.10000000000000009,0.010000000000000009,-0.31,-0.01,0.0,0,0
0.47,2.200000000000001,0.2,0,0,0,0.96,0.01, 0.53,0.0,-0.010000000000000009,0,0,0,-0.08999999999999997,0.0
1,2.200000000000001,0.19,0.68,0.0,0.03,0,0, -0.33999999999999997,0.10000000000000009,0.0,-0.68,0.0,0.0,0,0
0.66,2.300000000000001,0.19,0,0,0,0.39,0, 0.33999999999999997,0.0,0.0,0,0,0,0.06,0
1,2.300000000000001,0.19,0,0,0,0.45,0, 0,0.0,0.0,0,0,0,0.04999999999999999,0
1,2.300000000000001,0.19,0.77,0.05,0.03,0,0, -0.39,0.10000000000000009,0.04999999999999999,-0.77,-0.05,0.0,0,0
0.61,2.4000000000000012,0.24,0,0,0,0.87,0.01, 0.39,0.0,-0.010000000000000009,0,0,0,0.08999999999999997,0.0
1,2.4000000000000012,0.22999999999999998,0.7,0.04,0.03,0,0, -0.35,0.10000000000000009,0.040000000000000036,-0.7,-0.04,0.0,0,0
0.65,2.5000000000000013,0.27,0.36,0.01,0.03,0,0, -0.18000000000000005,0.10000000000000009,0.010000000000000009,-0.36,-0.01,0.0,0,0
0.47,2.6000000000000014,0.28,0.1,0.01,0,0,0, -0.09999999999999998,0.0,0.010000000000000009,0.0,0.0,0,0,0
0.37,2.6000000000000014,0.29000000000000004,0.29,0.03,0.03,0,0, -0.13999999999999999,0.10000000000000009,0.02999999999999997,-0.29,-0.03,0.0,0,0
0.23,2.7000000000000015,0.32,0,0,0,0.96,0.01, 0.77,0.0,-0.010000000000000009,0,0,0,0.0,0.0
1,2.7000000000000015,0.31,0.1,0.01,0,0,0, -0.09999999999999998,0.0,0.010000000000000009,0.0,0.0,0,0,0
0.9,2.7000000000000015,0.32,0.15,0.03,0.03,0,0, -0.07000000000000006,0.10000000000000009,0.02999999999999997,-0.15,-0.03,0.0,0,0
0.83,2.8000000000000016,0.35,0.65,0.01,0.03,0,0, -0.32999999999999996,0.10000000000000009,0.010000000000000009,-0.65,-0.01,0.0,0,0
0.5,2.9000000000000017,0.36,0.68,0.02,0.03,0,0, -0.33999999999999997,0.0,-0.02999999999999997,-0.25,0.0,0.0,0,0
0.16,2.9000000000000017,0.33,0.1,0.01,0,0,0, -0.1,0.0,0.010000000000000009,0.0,0.0,0,0,0
0.06,2.9000000000000017,0.34,0.69,0.02,0.03,0,0, -0.06,0.0,-0.030000000000000027,-0.030000000000000027,0.0,0.0,0,0
0,2.9000000000000017,0.31,0.53,0.05,0.03,0,0, 0,0.0,-0.02999999999999997,0.0,0.0,0.0,0,0
0,2.9000000000000017,0.28,0,0,0,0.96,0.01, 0.96,0.0,-0.010000000000000009,0,0,0,-0.16999999999999993,0.0
0.96,2.9000000000000017,0.27,0.53,0.05,0.03,0,0, -0.27,0.10000000000000009,0.04999999999999999,-0.53,-0.05,0.0,0,0
0.69,3.0000000000000018,0.32,0,0,0,0.79,0.01, 0.31000000000000005,0.0,-0.010000000000000009,0,0,0,-0.09000000000000008,0.0
1,3.0000000000000018,0.31,0.72,0.0,0.03,0,0, -0.36,0.10000000000000009,0.0,-0.72,0.0,0.0,0,0
0.64,3.100000000000002,0.31,0.1,0.01,0,0,0, -0.09999999999999998,0.0,0.010000000000000009,0.0,0.0,0,0,0
0.54,3.100000000000002,0.32,0,0,0,0.7,0.01, 0.45999999999999996,0.0,-0.010000000000000009,0,0,0,-0.039999999999999925,0.0
1,3.100000000000002,0.31,0.75,0.01,0.03,0,0, -0.38,0.10000000000000009,0.010000000000000009,-0.75,-0.01,0.0,0,0
0.62,3.200000000000002,0.32,0.6599999999999999,0.02,0.03,0,0, -0.33,0.0,-0.030000000000000027,-0.31,0.0,0.0,0,0
0.29,3.200000000000002,0.29,0.4,0.02,0.03,0,0, -0.19999999999999998,0.0,-0.02999999999999997,-0.14500000000000002,0.0,0.0,0,0
0.09,3.200000000000002,0.26,0.43000000000000005,0.02,0.03,0,0, -0.09,0.0,-0.03,-0.044999999999999984,0.0,0.0,0,0
0,3.200000000000002,0.23,0.42,0.01,0.03,0,0, 0,0.0,-0.03,0.0,0.0,0.0,0,0
0,3.200000000000002,0.2,0.3499999999999999,0.02,0.03,0,0, 0,0.0,-0.03,0.0,0.0,0.0,0,0
0,3.200000000000002,0.17,0.1,0.01,0,0,0, 0,0.0,0.0,0.0,0.0,0,0,0
0,3.200000000000002,0.17,0.42,0.01,0.03,0,0, 0,0.0,-0.03,0.0,0.0,0.0,0,0
0,3.200000000000002,0.14,0.74,0.04,0.03,0,0, 0,0.0,-0.030000000000000013,0.0,0.0,0.0,0,0
0,3.200000000000002,0.11,0,0,0,0.66,0.01, 0.66,0.0,-0.009999999999999995,0,0,0,0.15999999999999992,0.0
0.66,3.200000000000002,0.1,0.255,0.02,0.03,0,0, -0.13,0.10000000000000009,0.01999999999999999,-0.255,-0.02,0.0,0,0
0.53,3.300000000000002,0.12,0,0,0,0.82,0.01, 0.47,0.0,-0.009999999999999995,0,0,0,-0.30999999999999994,0.0
1,3.300000000000002,0.11,0.38500000000000006,0.02,0.03,0,0, -0.18999999999999995,0.10000000000000009,0.020000000000000004,-0.38500000000000006,-0.02,0.0,0,0
0.81,3.400000000000002,0.13,0.1,0.01,0,0,0, -0.09999999999999998,0.0,0.010000000000000009,0.0,0.0,0,0,0
0.7100000000000001,3.400000000000002,0.14,0,0,0,0.5,0, 0.2899999999999999,0.0,0.0,0,0,0,-0.24,0
1,3.400000000000002,0.14,0.1,0.01,0,0,0, -0.09999999999999998,0.0,0.010000000000000009,0.0,0.0,0,0,0
0.9,3.400000000000002,0.15000000000000002,0,0,0,0.51,0.01, 0.09999999999999998,0.0,-0.010000000000000009,0,0,0,0.31999999999999995,0.0
1,3.400000000000002,0.14,0,0,0,0.83,0.01, 0,0.0,-0.010000000000000009,0,0,0,0.020000000000000018,0.0
1,3.400000000000002,0.13,0.96,0.0,0.03,0,0, -0.48,0.10000000000000009,0.0,-0.96,0.0,0.0,0,0
0.52,3.500000000000002,0.13,0,0,0,0.85,0.01, 0.48,0.0,-0.009999999999999995,0,0,0,-0.18999999999999995,0.0
1,3.500000000000002,0.12000000000000001,0.42,0.01,0.03,0,0, -0.20999999999999996,0.10000000000000009,0.009999999999999995,-0.42,-0.01,0.0,0,0
0.79,3.6000000000000023,0.13,0.74,0.04,0.03,0,0, -0.37000000000000005,0.10000000000000009,0.04000000000000001,-0.74,-0.04,0.0,0,0
0.42,3.7000000000000024,0.17,0.6,0.01,0.03,0,0, -0.3,0.0,-0.03,-0.20999999999999996,0.0,0.0,0,0
0.12,3.7000000000000024,0.14,0.1,0.01,0,0,0, -0.1,0.0,0.010000000000000009,0.0,0.0,0,0,0
0.01999999999999999,3.7000000000000024,0.15000000000000002,0.1,0.05,0.03,0,0, -0.01999999999999999,0.0,-0.030000000000000027,-0.009999999999999995,0.0,0.0,0,0
0,3.7000000000000024,0.12,0.46,0.02,0.03,0,0, 0,0.0,-0.03,0.0,0.0,0.0,0,0
0,3.7000000000000024,0.09,0.3499999999999999,0.02,0.03,0,0, 0,0.0,-0.03,0.0,0.0,0.0,0,0
0,3.7000000000000024,0.06,0.46,0.02,0.03,0,0, 0,0.0,-0.03,0.0,0.0,0.0,0,0
0,3.7000000000000024,0.03,0.13,0.05,0.03,0,0, 0,0.0,-0.03,0.0,0.0,0.0,0,0
0,3.7000000000000024,0.0,0,0,0,0.26,0, 0.26,0.0,0.0,0,0,0,-0.13,0
0.26,3.7000000000000024,0.0,0,0,0,0.66,0.01, 0.0,0.0,0.0,0,0,0,0.0,0.0
0.26,3.7000000000000024,0.0,0.13,0.05,0.03,0,0, -0.06,0.10000000000000009,0.05,-0.13,-0.05,0.0,0,0
0.2,3.8000000000000025,0.05,0.1,0.01,0,0,0, -0.1,0.0,0.010000000000000002,0.0,0.0,0,0,0
0.1,3.8000000000000025,0.060000000000000005,0.1,0.01,0,0,0, -0.1,0.0,0.010000000000000002,0.0,0.0,0,0,0
0.0,3.8000000000000025,0.07,0.39,0.01,0.03,0,0, 0.0,0.0,-0.030000000000000006,0.0,0.0,0.0,0,0
0,3.8000000000000025,0.04,0.3499999999999999,0.02,0.03,0,0, 0,0.0,-0.03,0.0,0.0,0.0,0,0
0,3.8000000000000025,0.01,0.39,0.01,0.03,0,0, 0,0.0,-0.01,0.0,0.0,0.0,0,0
0,3.8000000000000025,0,0.1,0.01,0,0,0, 0,0.0,0,0.0,0.0,0,0,0
0,3.8000000000000025,0,0.39,0.01,0.03,0,0, 0,0.0,0,0.0,0.0,0.0,0,0
0,3.8000000000000025,0,0.46,0.02,0.03,0,0, 0,0.0,0,0.0,0.0,0.0,0,0
0,3.8000000000000025,0,0.87,0.05,0.03,0,0, 0,0.0,0,0.0,0.0,0.0,0,0
0,3.8000000000000025,0,0.09000000000000001,0.05,0.03,0,0, 0,0.0,0,0.0,0.0,0.0,0,0
0,3.8000000000000025,0,0.39,0.01,0.03,0,0, 0,0.0,0,0.0,0.0,0.0,0,0
0,3.8000000000000025,0,0.1,0.01,0,0,0, 0,0.0,0,0.0,0.0,0,0,0
0,3.8000000000000025,0,0.46,0.02,0.03,0,0, 0,0.0,0,0.0,0.0,0.0,0,0
0,3.8000000000000025,0,0.46,0.02,0.03,0,0, 0,0.0,0,0.0,0.0,0.0,0,0
0,3.8000000000000025,0,0.39,0.01,0.03,0,0, 0,0.0,0,0.0,0.0,0.0,0,0
0,3.8000000000000025,0,0.3499999999999999,0.02,0.03,0,0, 0,0.0,0,0.0,0.0,0.0,0,0
0,3.8000000000000025,0,0.39,0.01,0.03,0,0, 0,0.0,0,0.0,0.0,0.0,0,0
0,3.8000000000000025,0,0,0,0,0.13,0, 0.13,0.0,0,0,0,0,0.33999999999999997,0
0.13,3.8000000000000025,0,0,0,0,0.47,0, 0.47,0.0,0,0,0,0,-0.31999999999999995,0
0.6,3.8000000000000025,0,0.1,0.01,0,0,0, -0.09999999999999998,0.0,0.01,0.0,0.0,0,0,0
0.5,3.8000000000000025,0.01,0,0,0,0.15,0, 0.15000000000000002,0.0,0.0,0,0,0,-0.01999999999999999,0
0.65,3.8000000000000025,0.01,0,0,0,0.66,0.01, 0.35,0.0,-0.01,0,0,0,-0.09000000000000008,0.0
1,3.8000000000000025,0.0,0,0,0,0.57,0.01, 0,0.0,0.0,0,0,0,0.0,0.0
1,3.8000000000000025,0.0,0.3499999999999999,0.02,0.03,0,0, -0.17000000000000004,0.10000000000000009,0.02,-0.3499999999999999,-0.02,0.0,0,0
0.83,3.9000000000000026,0.02,0,0,0,0.57,0.01, 0.17000000000000004,0.0,-0.01,0,0,0,-0.019999999999999907,0.0
1,3.9000000000000026,0.01,0.1,0.01,0,0,0, -0.09999999999999998,0.0,0.01,0.0,0.0,0,0,0
0.9,3.9000000000000026,0.02,0,0,0,0.13,0, 0.09999999999999998,0.0,0.0,0,0,0,0.03,0
1,3.9000000000000026,0.02,0,0,0,0.55,0.01, 0,0.0,-0.01,0,0,0,0.0,0.0
1,3.9000000000000026,0.01,0.39,0.01,0.03,0,0, -0.19999999999999996,0.10000000000000009,0.01,-0.39,-0.01,0.0,0,0
0.8,4.000000000000003,0.02,0.53,0.04,0.03,0,0, -0.26,0.09999999999999964,0.039999999999999994,-0.53,-0.04,0.0,0,0
0.54,4.100000000000002,0.06,0,0,0,0.55,0.01, 0.45999999999999996,0.0,-0.010000000000000002,0,0,0,-0.020000000000000018,0.0
1,4.100000000000002,0.049999999999999996,0.87,0.05,0.03,0,0, -0.43999999999999995,0.09999999999999964,0.05000000000000001,-0.87,-0.05,0.0,0,0
0.56,4.200000000000002,0.1,0,0,0,0.53,0.01, 0.43999999999999995,0.0,-0.009999999999999995,0,0,0,0.17999999999999994,0.0
1,4.200000000000002,0.09000000000000001,0,0,0,0.16,0, 0,0.0,0.0,0,0,0,-0.06,0
1,4.200000000000002,0.09000000000000001,0.1,0.01,0,0,0, -0.09999999999999998,0.0,0.009999999999999995,0.0,0.0,0,0,0
0.9,4.200000000000002,0.1,0,0,0,0.71,0.01, 0.09999999999999998,0.0,-0.009999999999999995,0,0,0,0.28,0.0
1,4.200000000000002,0.09000000000000001,0.1,0.01,0,0,0, -0.09999999999999998,0.0,0.009999999999999995,0.0,0.0,0,0,0
0.9,4.200000000000002,0.1,0.46,0.02,0.03,0,0, -0.22999999999999998,0.09999999999999964,0.01999999999999999,-0.46,-0.02,0.0,0,0
0.67,4.300000000000002,0.12,0.09000000000000001,0.05,0.03,0,0, -0.050000000000000044,0.09999999999999964,0.05000000000000002,-0.09000000000000001,-0.05,0.0,0,0
0.62,4.400000000000001,0.17,0.8,0.0,0.03,0,0, -0.4,0.0,-0.03,-0.31,0.0,0.0,0,0
0.22,4.400000000000001,0.14,0.72,0.01,0.03,0,0, -0.22,0.0,-0.030000000000000013,-0.10999999999999999,0.0,0.0,0,0
0,4.400000000000001,0.11,0.61,0.01,0.03,0,0, 0,0.0,-0.03,0.0,0.0,0.0,0,0
0,4.400000000000001,0.08,0,0,0,0.99,0.01, 0.99,0.0,-0.009999999999999995,0,0,0,-0.32999999999999996,0.0
0.99,4.400000000000001,0.07,0,0,0,0.66,0.01, 0.010000000000000009,0.0,-0.010000000000000002,0,0,0,0.25,0.0
1,4.400000000000001,0.060000000000000005,0,0,0,0.1,0, 0,0.0,0.0,0,0,0,0.30000000000000004,0
1,4.400000000000001,0.060000000000000005,0.61,0.01,0.03,0,0, -0.30000000000000004,0.09999999999999964,0.010000000000000002,-0.61,-0.01,0.0,0,0
0.7,4.500000000000001,0.07,0.33,0.02,0.03,0,0, -0.16999999999999993,0.09999999999999964,0.01999999999999999,-0.33,-0.02,0.0,0,0
0.53,4.6000000000000005,0.09,0.1,0.01,0,0,0, -0.09999999999999998,0.0,0.009999999999999995,0.0,0.0,0,0,0
0.43000000000000005,4.6000000000000005,0.09999999999999999,0,0,0,0.4,0, 0.4,0.0,0.0,0,0,0,-0.010000000000000009,0
0.8300000000000001,4.6000000000000005,0.09999999999999999,0.49000000000000005,0.0,0.03,0,0, -0.2400000000000001,0.09999999999999964,1.3877787807814457e-17,-0.49000000000000005,0.0,0.0,0,0
0.59,4.7,0.1,0,0,0,0.91,0.01, 0.41000000000000003,0.0,-0.009999999999999995,0,0,0,-0.15000000000000002,0.0
1,4.7,0.09000000000000001,0,0,0,0.76,0.01, 0,0.0,-0.009999999999999995,0,0,0,-0.21999999999999997,0.0
1,4.7,0.08000000000000002,0.61,0.03,0.03,0,0, -0.30000000000000004,0.09999999999999964,0.029999999999999985,-0.61,-0.03,0.0,0,0
0.7,4.8,0.11,0.1,0.01,0,0,0, -0.09999999999999998,0.0,0.009999999999999995,0.0,0.0,0,0,0
0.6,4.8,0.12,0.1,0.01,0,0,0, -0.09999999999999998,0.0,0.010000000000000009,0.0,0.0,0,0,0
0.5,4.8,0.13,0.15,0.02,0.03,0,0, -0.08000000000000002,0.09999999999999964,0.01999999999999999,-0.15,-0.02,0.0,0,0
0.42,4.8999999999999995,0.15,0,0,0,0.54,0.01, 0.54,0.0,-0.010000000000000009,0,0,0,-0.010000000000000009,0.0
0.96,4.8999999999999995,0.13999999999999999,0,0,0,0.39,0, 0.040000000000000036,0.0,0.0,0,0,0,-0.06,0
1,4.8999999999999995,0.13999999999999999,0.66,0.02,0.03,0,0, -0.32999999999999996,0.09999999999999964,0.020000000000000018,-0.66,-0.02,0.0,0,0
0.67,4.999999999999999,0.16,0.1,0.01,0,0,0, -0.09999999999999998,0.0,0.010000000000000009,0.0,0.0,0,0,0
0.5700000000000001,4.999999999999999,0.17,0.1,0.01,0,0,0, -0.09999999999999998,0.0,0.010000000000000009,0.0,0.0,0,0,0
0.4700000000000001,4.999999999999999,0.18000000000000002,0.68,0.04,0.03,0,0, -0.3400000000000001,0.0,-0.030000000000000027,-0.23500000000000004,0.0,0.0,0,0
0.13,4.999999999999999,0.15,0,0,0,0.33,0, 0.33,0.0,0.0,0,0,0,-0.18000000000000002,0
0.46,4.999999999999999,0.15,0.78,0.03,0.03,0,0, -0.39,0.0,-0.03,-0.22999999999999998,0.0,0.0,0,0
0.07,4.999999999999999,0.12,0.94,0.0,0.03,0,0, -0.07,0.0,-0.03,-0.03500000000000003,0.0,0.0,0,0
0,4.999999999999999,0.09,0.1,0.01,0,0,0, 0,0.0,0.0,0.0,0.0,0,0,0
0,4.999999999999999,0.09,0.55,0.03,0.03,0,0, 0,0.0,-0.03,0.0,0.0,0.0,0,0
0,4.999999999999999,0.06,0,0,0,0.53,0.01, 0.53,0.0,-0.010000000000000002,0,0,0,0.37,0.0
0.53,4.999999999999999,0.049999999999999996,0.61,0.03,0.03,0,0, -0.30000000000000004,0.0,-0.029999999999999995,-0.265,0.0,0.0,0,0
0.23,4.999999999999999,0.02,0.9049999999999999,0.0,0.03,0,0, -0.23,0.0,-0.02,-0.11499999999999999,0.0,0.0,0,0
0,4.999999999999999,0,0.55,0.03,0.03,0,0, 0,0.0,0,0.0,0.0,0.0,0,0
0,4.999999999999999,0,0.1,0.01,0,0,0, 0,0.0,0,0.0,0.0,0,0,0
0,4.999999999999999,0,0.55,0.03,0.03,0,0, 0,0.0,0,0.0,0.0,0.0,0,0
0,4.999999999999999,0,0.21,0.02,0.03,0,0, 0,0.0,0,0.0,0.0,0.0,0,0
0,4.999999999999999,0,0.345,0.03,0.03,0,0, 0,0.0,0,0.0,0.0,0.0,0,0
0,4.999999999999999,0,0,0,0,0.15,0, 0.15,0.0,0,0,0,0,0.010000000000000009,0
0.15,4.999999999999999,0,0,0,0,0.9,0.01, 0.0,0.0,0,0,0,0,0.0,0.0
0.15,4.999999999999999,0,0.1,0.01,0,0,0, -0.1,0.0,0.01,0.0,0.0,0,0,0
0.04999999999999999,4.999999999999999,0.01,0,0,0,0.16,0, 0.16,0.0,0.0,0,0,0,0.27,0
0.21,4.999999999999999,0.01,0.7899999999999999,0.0,0.03,0,0, -0.21,0.0,-0.01,-0.10499999999999998,0.0,0.0,0,0
0,4.999999999999999,0,0.6849999999999999,0.0,0.03,0,0, 0,0.0,0,0.0,0.0,0.0,0,0
0,4.999999999999999,0,0.55,0.03,0.03,0,0, 0,0.0,0,0.0,0.0,0.0,0,0
0,4.999999999999999,0,0.55,0.03,0.03,0,0, 0,0.0,0,0.0,0.0,0.0,0,0
0,4.999999999999999,0,0.55,0.03,0.03,0,0, 0,0.0,0,0.0,0.0,0.0,0,0
0,4.999999999999999,0,0.1,0.01,0,0,0, 0,0.0,0,0.0,0.0,0,0,0
0,4.999999999999999,0,0.445,0.04,0.03,0,0, 0,0.0,0,0.0,0.0,0.0,0,0
0,4.999999999999999,0,0,0,0,0.43,0, 0.43,0.0,0,0,0,0,-0.31,0
0.43,4.999999999999999,0,0.55,0.03,0.03,0,0, -0.28,0.0,0,-0.21499999999999997,0.0,0.0,0,0
0.15,4.999999999999999,0,0.1,0.01,0,0,0, -0.1,0.0,0.01,0.0,0.0,0,0,0
0.04999999999999999,4.999999999999999,0.01,0.345,0.03,0.03,0,0, -0.04999999999999999,0.0,-0.01,-0.025000000000000022,0.0,0.0,0,0
0,4.999999999999999,0,0.3350000000000001,0.03,0.03,0,0, 0,0.0,0,0.0,0.0,0.0,0,0
0,4.999999999999999,0,0.21,0.02,0.03,0,0, 0,0.0,0,0.0,0.0,0.0,0,0
0,4.999999999999999,0,0.1,0.01,0,0,0, 0,0.0,0,0.0,0.0,0,0,0
0,4.999999999999999,0,0.31999999999999995,0.03,0.03,0,0, 0,0.0,0,0.0,0.0,0.0,0,0
0,4.999999999999999,0,0.6849999999999999,0.0,0.03,0,0, 0,0.0,0,0.0,0.0,0.0,0,0
0,4.999999999999999,0,0.1,0.01,0,0,0, 0,0.0,0,0.0,0.0,0,0,0
0,4.999999999999999,0,0.445,0.04,0.03,0,0, 0,0.0,0,0.0,0.0,0.0,0,0
0,4.999999999999999,0,0.1,0.01,0,0,0, 0,0.0,0,0.0,0.0,0,0,0
0,4.999999999999999,0,0,0,0,0.9,0.01, 0,0.0,0,0,0,0,0.0,0.0
0,4.999999999999999,0,0.445,0.04,0.03,0,0, 0,0.0,0,0.0,0.0,0.0,0,0
0,4.999999999999999,0,0.1,0.01,0,0,0, 0,0.0,0,0.0,0.0,0,0,0
0,4.999999999999999,0,0.1,0.01,0,0,0, 0,0.0,0,0.0,0.0,0,0,0
0,4.999999999999999,0,0,0,0,0.9,0.01, 0,0.0,0,0,0,0,0.0,0.0
0,4.999999999999999,0,0.21,0.02,0.03,0,0, 0,0.0,0,0.0,0.0,0.0,0,0
0,4.999999999999999,0,0.3350000000000001,0.03,0.03,0,0, 0,0.0,0,0.0,0.0,0.0,0,0
0,4.999999999999999,0,0.445,0.04,0.03,0,0, 0,0.0,0,0.0,0.0,0.0,0,0
0,4.999999999999999,0,0.445,0.04,0.03,0,0, 0,0.0,0,0.0,0.0,0.0,0,0
0,4.999999999999999,0,0,0,0,0.9,0.01, 0,0.0,0,0,0,0,0.0,0.0
0,4.999999999999999,0,0.3350000000000001,0.03,0.03,0,0, 0,0.0,0,0.0,0.0,0.0,0,0
0,4.999999999999999,0,0.445,0.04,0.03,0,0, 0,0.0,0,0.0,0.0,0.0,0,0
0,4.999999999999999,0,0.1,0.01,0,0,0, 0,0.0,0,0.0,0.0,0,0,0
0,4.999999999999999,0,0,0,0,0.9,0.01, 0,0.0,0,0,0,0,0.0,0.0
0,4.999999999999999,0,0.21,0.02,0.03,0,0, 0,0.0,0,0.0,0.0,0.0,0,0
0,4.999999999999999,0,0.1,0.01,0,0,0, 0,0.0,0,0.0,0.0,0,0,0
0,4.999999999999999,0,0.1,0.01,0,0,0, 0,0.0,0,0.0,0.0,0,0,0
0,4.999999999999999,0,0.21,0.02,0.03,0,0, 0,0.0,0,0.0,0.0,0.0,0,0
0,4.999999999999999,0,0.31999999999999995,0.03,0.03,0,0, 0,0.0,0,0.0,0.0,0.0,0,0
0,4.999999999999999,0,0.445,0.04,0.03,0,0, 0,0.0,0,0.0,0.0,0.0,0,0
0,4.999999999999999,0,0.21,0.02,0.03,0,0, 0,0.0,0,0.0,0.0,0.0,0,0
0,4.999999999999999,0,0.3350000000000001,0.03,0.03,0,0, 0,0.0,0,0.0,0.0,0.0,0,0
0,4.999999999999999,0,0.445,0.04,0.03,0,0, 0,0.0,0,0.0,0.0,0.0,0,0
0,4.999999999999999,0,0,0,0,0.9,0.01, 0,0.0,0,0,0,0,0.0,0.0
0,4.999999999999999,0,0,0,0,0.9,0.01, 0,0.0,0,0,0,0,0.0,0.0
0,4.999999999999999,0,0,0,0,0.9,0.01, 0,0.0,0,0,0,0,0.0,0.0
0,4.999999999999999,0,0.31999999999999995,0.03,0.03,0,0, 0,0.0,0,0.0,0.0,0.0,0,0
0,4.999999999999999,0,0.6849999999999999,0.0,0.03,0,0, 0,0.0,0,0.0,0.0,0.0,0,0
0,4.999999999999999,0,0.21,0.02,0.03,0,0, 0,0.0,0,0.0,0.0,0.0,0,0
0,4.999999999999999,0,0,0,0,0.12,0, 0.12,0.0,0,0,0,0,0.12,0
0.12,4.999999999999999,0,0.31999999999999995,0.03,0.03,0,0, -0.12,0.0,0,-0.06,0.0,0.0,0,0
0,4.999999999999999,0,0,0,0,0.24,0, 0.24,0.0,0,0,0,0,0.10999999999999999,0
0.24,4.999999999999999,0,0.25999999999999995,0.03,0.03,0,0, -0.13,0.0,0,-0.12,0.0,0.0,0,0
0.11,4.999999999999999,0,0,0,0,0.9,0.01, 0.0,0.0,0,0,0,0,0.0,0.0
0.11,4.999999999999999,0,0.1,0.01,0,0,0, -0.1,0.0,0.01,0.0,0.0,0,0,0
0.009999999999999995,4.999999999999999,0.01,0.6849999999999999,0.0,0.03,0,0, -0.009999999999999995,0.0,-0.01,-0.0050000000000000044,0.0,0.0,0,0
0,4.999999999999999,0,0.6799999999999999,0.0,0.03,0,0, 0,0.0,0,0.0,0.0,0.0,0,0
0,4.999999999999999,0,0.445,0.04,0.03,0,0, 0,0.0,0,0.0,0.0,0.0,0,0
0,4.999999999999999,0,0.21,0.02,0.03,0,0, 0,0.0,0,0.0,0.0,0.0,0,0
0,4.999999999999999,0,0.1,0.01,0,0,0, 0,0.0,0,0.0,0.0,0,0,0
0,4.999999999999999,0,0.6799999999999999,0.0,0.03,0,0, 0,0.0,0,0.0,0.0,0.0,0,0
0,4.999999999999999,0,0,0,0,0.35,0, 0.35,0.0,0,0,0,0,-0.13999999999999999,0
0.35,4.999999999999999,0,0,0,0,0.9,0.01, 0.0,0.0,0,0,0,0,0.0,0.0
0.35,4.999999999999999,0,0.13999999999999996,0.03,0.03,0,0, -0.06999999999999995,0.09999999999999964,0.03,-0.13999999999999996,-0.03,0.0,0,0
0.28,5.099999999999999,0.03,0.1,0.01,0,0,0, -0.1,0.0,0.010000000000000002,0.0,0.0,0,0,0
0.18000000000000002,5.099999999999999,0.04,0.6799999999999999,0.0,0.03,0,0, -0.18000000000000002,0.0,-0.03,-0.08999999999999997,0.0,0.0,0,0
0,5.099999999999999,0.01,0.59,0.0,0.03,0,0, 0,0.0,-0.01,0.0,0.0,0.0,0,0
0,5.099999999999999,0,0.3350000000000001,0.03,0.03,0,0, 0,0.0,0,0.0,0.0,0.0,0,0
0,5.099999999999999,0,0.445,0.04,0.03,0,0, 0,0.0,0,0.0,0.0,0.0,0,0
0,5.099999999999999,0,0.21,0.02,0.03,0,0, 0,0.0,0,0.0,0.0,0.0,0,0
0,5.099999999999999,0,0.1,0.01,0,0,0, 0,0.0,0,0.0,0.0,0,0,0
0,5.099999999999999,0,0,0,0,0.21,0, 0.21,0.0,0,0,0,0,0.26,0
0.21,5.099999999999999,0,0,0,0,0.9,0.01, 0.0,0.0,0,0,0,0,0.0,0.0
0.21,5.099999999999999,0,0.1,0.01,0,0,0, -0.1,0.0,0.01,0.0,0.0,0,0,0
0.10999999999999999,5.099999999999999,0.01,0.59,0.0,0.03,0,0, -0.10999999999999999,0.0,-0.01,-0.05500000000000005,0.0,0.0,0,0
0,5.099999999999999,0,0.97,0.04,0.03,0,0, 0,0.0,0,0.0,0.0,0.0,0,0
0,5.099999999999999,0,0.1,0.01,0,0,0, 0,0.0,0,0.0,0.0,0,0,0
0,5.099999999999999,0,0.445,0.04,0.03,0,0, 0,0.0,0,0.0,0.0,0.0,0,0
0,5.099999999999999,0,0.5349999999999999,0.0,0.03,0,0, 0,0.0,0,0.0,0.0,0.0,0,0
0,5.099999999999999,0,0.3350000000000001,0.03,0.03,0,0, 0,0.0,0,0.0,0.0,0.0,0,0
0,5.099999999999999,0,0.445,0.04,0.03,0,0, 0,0.0,0,0.0,0.0,0.0,0,0
0,5.099999999999999,0,0,0,0,0.9,0.01, 0,0.0,0,0,0,0,0.0,0.0
0,5.099999999999999,0,0.1,0.01,0,0,0, 0,0.0,0,0.0,0.0,0,0,0
0,5.099999999999999,0,0.3350000000000001,0.03,0.03,0,0, 0,0.0,0,0.0,0.0,0.0,0,0
0,5.099999999999999,0,0.97,0.04,0.03,0,0, 0,0.0,0,0.0,0.0,0.0,0,0
0,5.099999999999999,0,0.1,0.01,0,0,0, 0,0.0,0,0.0,0.0,0,0,0
0,5.099999999999999,0,0.97,0.04,0.03,0,0, 0,0.0,0,0.0,0.0,0.0,0,0
0,5.099999999999999,0,0.1,0.01,0,0,0, 0,0.0,0,0.0,0.0,0,0,0
0,5.099999999999999,0,0.97,0.04,0.03,0,0, 0,0.0,0,0.0,0.0,0.0,0,0
0,5.099999999999999,0,0,0,0,0.47,0, 0.47,0.0,0,0,0,0,-0.06,0
0.47,5.099999999999999,0,0,0,0,0.41,0, 0.4099999999999999,0.0,0,0,0,0,-0.009999999999999953,0
0.8799999999999999,5.099999999999999,0,0,0,0,0.9,0.01, 0.0,0.0,0,0,0,0,0.0,0.0
0.8799999999999999,5.099999999999999,0,0.1,0.01,0,0,0, -0.09999999999999998,0.0,0.01,0.0,0.0,0,0,0
0.7799999999999999,5.099999999999999,0.01,0,0,0,0.9,0.01, 0.22000000000000008,0.0,-0.01,0,0,0,-0.24,0.0
1,5.099999999999999,0.0,0.3350000000000001,0.03,0.03,0,0, -0.17000000000000004,0.09999999999999964,0.03,-0.3350000000000001,-0.03,0.0,0,0
0.83,5.199999999999998,0.03,0.1,0.01,0,0,0, -0.09999999999999998,0.0,0.010000000000000002,0.0,0.0,0,0,0
0.73,5.199999999999998,0.04,0,0,0,0.4,0, 0.27,0.0,0.0,0,0,0,-0.28,0
1,5.199999999999998,0.04,0.97,0.04,0.03,0,0, -0.48,0.09999999999999964,0.04,-0.97,-0.04,0.0,0,0
0.52,5.299999999999998,0.08,0.445,0.04,0.03,0,0, -0.22000000000000003,0.09999999999999964,0.039999999999999994,-0.445,-0.04,0.0,0,0
0.3,5.399999999999998,0.12,0,0,0,0.66,0.01, 0.6599999999999999,0.0,-0.009999999999999995,0,0,0,0.17999999999999994,0.0
0.96,5.399999999999998,0.11,0,0,0,0.12,0, 0.040000000000000036,0.0,0.0,0,0,0,0.32,0
1,5.399999999999998,0.11,0.55,0.03,0.03,0,0, -0.28,0.09999999999999964,0.030000000000000013,-0.55,-0.03,0.0,0,0
0.72,5.499999999999997,0.14,0.78,0.03,0.03,0,0, -0.38999999999999996,0.0,-0.030000000000000013,-0.36,0.0,0.0,0,0
0.33,5.499999999999997,0.11,0.1,0.01,0,0,0, -0.1,0.0,0.009999999999999995,0.0,0.0,0,0,0
0.23,5.499999999999997,0.12,0.1,0.01,0,0,0, -0.1,0.0,0.010000000000000009,0.0,0.0,0,0,0
0.13,5.499999999999997,0.13,0.42000000000000004,0.03,0.03,0,0, -0.13,0.0,-0.03,-0.065,0.0,0.0,0,0
0,5.499999999999997,0.1,0.71,0.03,0.03,0,0, 0,0.0,-0.03,0.0,0.0,0.0,0,0
0,5.499999999999997,0.07,0,0,0,0.44,0, 0.44,0.0,0.0,0,0,0,-0.26,0
0.44,5.499999999999997,0.07,0,0,0,0.18,0, 0.18,0.0,0.0,0,0,0,0.31,0
0.62,5.499999999999997,0.07,0,0,0,0.49,0, 0.38,0.0,0.0,0,0,0,-0.010000000000000009,0
1,5.499999999999997,0.07,0,0,0,0.84,0.01, 0,0.0,-0.010000000000000002,0,0,0,-0.2899999999999999,0.0
1,5.499999999999997,0.060000000000000005,0,0,0,0.48,0, 0,0.0,0.0,0,0,0,-0.33999999999999997,0
1,5.499999999999997,0.060000000000000005,0.71,0.03,0.03,0,0, -0.35,0.09999999999999964,0.029999999999999992,-0.71,-0.03,0.0,0,0
0.65,5.599999999999997,0.09,0.5349999999999999,0.0,0.03,0,0, -0.27,0.09999999999999964,0.0,-0.5349999999999999,0.0,0.0,0,0
0.38,5.699999999999997,0.09,0.15,0.01,0.03,0,0, -0.08000000000000002,0.09999999999999964,0.010000000000000009,-0.15,-0.01,0.0,0,0
0.3,5.799999999999996,0.1,0.1,0.01,0,0,0, -0.1,0.0,0.009999999999999995,0.0,0.0,0,0,0
0.19999999999999998,5.799999999999996,0.11,0,0,0,0.14,0, 0.13999999999999999,0.0,0.0,0,0,0,0.14,0
0.33999999999999997,5.799999999999996,0.11,0.82,0.03,0.03,0,0, -0.33999999999999997,0.0,-0.03,-0.17000000000000004,0.0,0.0,0,0
0,5.799999999999996,0.08,0,0,0,0.28,0, 0.28,0.0,0.0,0,0,0,-0.040000000000000036,0
0.28,5.799999999999996,0.08,0.6499999999999999,0.03,0.03,0,0, -0.28,0.0,-0.03,-0.14,0.0,0.0,0,0
0,5.799999999999996,0.05,0,0,0,0.55,0.01, 0.55,0.0,-0.010000000000000002,0,0,0,0.30999999999999994,0.0
0.55,5.799999999999996,0.04,0.1,0.01,0,0,0, -0.09999999999999998,0.0,0.010000000000000002,0.0,0.0,0,0,0
0.45000000000000007,5.799999999999996,0.05,0,0,0,0.86,0.01, 0.5499999999999999,0.0,-0.010000000000000002,0,0,0,-0.06999999999999995,0.0
1,5.799999999999996,0.04,0.57,0.01,0.03,0,0, -0.28,0.09999999999999964,0.010000000000000002,-0.57,-0.01,0.0,0,0
0.72,5.899999999999996,0.05,0.21,0.02,0.03,0,0, -0.10999999999999999,0.09999999999999964,0.020000000000000004,-0.21,-0.02,0.0,0,0
0.61,5.999999999999996,0.07,0.1,0.01,0,0,0, -0.09999999999999998,0.0,0.009999999999999995,0.0,0.0,0,0,0
0.51,5.999999999999996,0.08,0,0,0,0.79,0.01, 0.49,0.0,-0.009999999999999995,0,0,0,-0.24,0.0
1,5.999999999999996,0.07,0.1,0.01,0,0,0, -0.09999999999999998,0.0,0.009999999999999995,0.0,0.0,0,0,0
0.9,5.999999999999996,0.08,0.39,0.04,0.03,0,0, -0.19000000000000006,0.09999999999999964,0.039999999999999994,-0.39,-0.04,0.0,0,0
0.71,6.099999999999995,0.12,0.11,0.05,0.03,0,0, -0.05999999999999994,0.09999999999999964,0.05000000000000002,-0.11,-0.05,0.0,0,0
0.65,6.199999999999995,0.17,0.1,0.01,0,0,0, -0.09999999999999998,0.0,0.010000000000000009,0.0,0.0,0,0,0
0.55,6.199999999999995,0.18000000000000002,0.35500000000000004,0.03,0.03,0,0, -0.18000000000000005,0.09999999999999964,0.02999999999999997,-0.35500000000000004,-0.03,0.0,0,0
0.37,6.2999999999999945,0.21,0.1,0.01,0,0,0, -0.09999999999999998,0.0,0.010000000000000009,0.0,0.0,0,0,0
0.27,6.2999999999999945,0.22,0.5099999999999999,0.03,0.03,0,0, -0.25,0.0,-0.03,-0.135,0.0,0.0,0,0
0.02,6.2999999999999945,0.19,0,0,0,0.24,0, 0.24000000000000002,0.0,0.0,0,0,0,-0.13999999999999999,0
0.26,6.2999999999999945,0.19,0,0,0,0.1,0, 0.09999999999999998,0.0,0.0,0,0,0,0.21,0
0.36,6.2999999999999945,0.19,0.26,0.01,0.03,0,0, -0.12999999999999998,0.09999999999999964,0.010000000000000009,-0.26,-0.01,0.0,0,0
0.23,6.399999999999994,0.2,0.3749999999999999,0.03,0.03,0,0, -0.19,0.0,-0.03,-0.11499999999999999,0.0,0.0,0,0
0.04,6.399999999999994,0.17,0.1,0.01,0,0,0, 0.0,0.0,0.0,0.0,0.0,0,0,0
0.04,6.399999999999994,0.17,0.66,0.01,0.03,0,0, -0.04,0.0,-0.03,-0.020000000000000018,0.0,0.0,0,0
0,6.399999999999994,0.14,0,0,0,0.31,0, 0.31,0.0,0.0,0,0,0,0.0,0
0.31,6.399999999999994,0.14,0.2599999999999999,0.03,0.03,0,0, -0.13,0.09999999999999964,0.03,-0.2599999999999999,-0.03,0.0,0,0
0.18,6.499999999999994,0.17,0.1,0.01,0,0,0, -0.1,0.0,0.010000000000000009,0.0,0.0,0,0,0
0.07999999999999999,6.499999999999994,0.18000000000000002,0.87,0.02,0.03,0,0, -0.07999999999999999,0.0,-0.030000000000000027,-0.040000000000000036,0.0,0.0,0,0
0,6.499999999999994,0.15,0,0,0,0.31,0, 0.31,0.0,0.0,0,0,0,0.16999999999999998,0
0.31,6.499999999999994,0.15,0.64,0.01,0.03,0,0, -0.31,0.0,-0.03,-0.15500000000000003,0.0,0.0,0,0
0,6.499999999999994,0.12,0,0,0,0.55,0.01, 0.55,0.0,-0.009999999999999995,0,0,0,0.06999999999999995,0.0
0.55,6.499999999999994,0.11,0.83,0.02,0.03,0,0, -0.41000000000000003,0.0,-0.03,-0.275,0.0,0.0,0,0
0.14,6.499999999999994,0.08,0,0,0,0.62,0.01, 0.62,0.0,-0.009999999999999995,0,0,0,0.28,0.0
0.76,6.499999999999994,0.07,0,0,0,0.48,0, 0.24,0.0,0.0,0,0,0,-0.31999999999999995,0
1,6.499999999999994,0.07,0,0,0,0.16,0, 0,0.0,0.0,0,0,0,0.06,0
1,6.499999999999994,0.07,0,0,0,0.9,0.01, 0,0.0,-0.010000000000000002,0,0,0,-0.08000000000000007,0.0
1,6.499999999999994,0.060000000000000005,0.1,0.01,0,0,0, -0.09999999999999998,0.0,0.010000000000000002,0.0,0.0,0,0,0
0.9,6.499999999999994,0.07,0.94,0.0,0.03,0,0, -0.47000000000000003,0.0,-0.030000000000000006,-0.45,0.0,0.0,0,0
0.43,6.499999999999994,0.04,0.485,0.01,0.03,0,0, -0.24,0.0,-0.03,-0.21499999999999997,0.0,0.0,0,0
0.19,6.499999999999994,0.01,0,0,0,0.82,0.01, 0.81,0.0,-0.01,0,0,0,-0.29999999999999993,0.0
1,6.499999999999994,0.0,0,0,0,0.22,0, 0,0.0,0.0,0,0,0,0.21,0
1,6.499999999999994,0.0,0.5549999999999999,0.02,0.03,0,0, -0.28,0.09999999999999964,0.02,-0.5549999999999999,-0.02,0.0,0,0
0.72,6.599999999999993,0.02,0.84,0.04,0.03,0,0, -0.42,0.0,-0.02,-0.36,0.0,0.0,0,0
0.3,6.599999999999993,0,0.48999999999999994,0.0,0.03,0,0, -0.24,0.0,0,-0.14999999999999997,0.0,0.0,0,0
0.06,6.599999999999993,0,0.27,0.01,0.03,0,0, -0.06,0.0,0,-0.03,0.0,0.0,0,0
0,6.599999999999993,0,0.1,0.01,0,0,0, 0,0.0,0,0.0,0.0,0,0,0
0,6.599999999999993,0,0.33999999999999997,0.0,0.03,0,0, 0,0.0,0,0.0,0.0,0.0,0,0
0,6.599999999999993,0,0.1,0.01,0,0,0, 0,0.0,0,0.0,0.0,0,0,0
0,6.599999999999993,0,0.1,0.01,0,0,0, 0,0.0,0,0.0,0.0,0,0,0
0,6.599999999999993,0,0.24000000000000002,0.01,0.03,0,0, 0,0.0,0,0.0,0.0,0.0,0,0
0,6.599999999999993,0,0.1,0.01,0,0,0, 0,0.0,0,0.0,0.0,0,0,0
0,6.599999999999993,0,0.24000000000000002,0.01,0.03,0,0, 0,0.0,0,0.0,0.0,0.0,0,0
0,6.599999999999993,0,0.48,0.04,0.03,0,0, 0,0.0,0,0.0,0.0,0.0,0,0
0,6.599999999999993,0,0,0,0,0.52,0.01, 0,0.0,0,0,0,0,0.0,0.0
0,6.599999999999993,0,0.1,0.01,0,0,0, 0,0.0,0,0.0,0.0,0,0,0
0,6.599999999999993,0,0.13,0.0,0.03,0,0, 0,0.0,0,0.0,0.0,0.0,0,0
0,6.599999999999993,0,0,0,0,0.43,0, 0.43,0.0,0,0,0,0,-0.19,0
0.43,6.599999999999993,0,0.48,0.04,0.03,0,0, -0.24,0.0,0,-0.21499999999999997,0.0,0.0,0,0
0.19,6.599999999999993,0,0.1,0.01,0,0,0, -0.1,0.0,0.01,0.0,0.0,0,0,0
0.09,6.599999999999993,0.01,0,0,0,0.52,0.01, 0.52,0.0,-0.01,0,0,0,0.31999999999999995,0.0
0.61,6.599999999999993,0.0,0.24000000000000002,0.01,0.03,0,0, -0.12,0.09999999999999964,0.01,-0.24000000000000002,-0.01,0.0,0,0
0.49,6.699999999999993,0.01,0.13,0.0,0.03,0,0, -0.07,0.09999999999999964,0.0,-0.13,0.0,0.0,0,0
0.42,6.799999999999993,0.01,0.1,0.01,0,0,0, -0.10000000000000003,0.0,0.01,0.0,0.0,0,0,0
0.31999999999999995,6.799999999999993,0.02,0,0,0,0.84,0.01, 0.68,0.0,-0.01,0,0,0,-0.2899999999999999,0.0
1,6.799999999999993,0.01,0.34,0.02,0.03,0,0, -0.17000000000000004,0.09999999999999964,0.019999999999999997,-0.34,-0.02,0.0,0,0
0.83,6.899999999999992,0.03,0.85,0.01,0.03,0,0, -0.42999999999999994,0.0,-0.03,-0.415,0.0,0.0,0,0
0.4,6.899999999999992,0.0,0.23,0.04,0.03,0,0, -0.11000000000000004,0.09999999999999964,0.04,-0.23,-0.04,0.0,0,0
0.29,6.999999999999992,0.04,0.88,0.04,0.03,0,0, -0.29,0.0,-0.03,-0.14500000000000002,0.0,0.0,0,0
0,6.999999999999992,0.01,0.735,0.04,0.03,0,0, 0,0.0,-0.01,0.0,0.0,0.0,0,0
0,6.999999999999992,0,0.33999999999999997,0.0,0.03,0,0, 0,0.0,0,0.0,0.0,0.0,0,0
0,6.999999999999992,0,0.435,0.01,0.03,0,0, 0,0.0,0,0.0,0.0,0.0,0,0
0,6.999999999999992,0,0,0,0,0.55,0.01, 0,0.0,0,0,0,0,0.0,0.0
0,6.999999999999992,0,0,0,0,0.24,0, 0.24,0.0,0,0,0,0,0.22000000000000003,0
0.24,6.999999999999992,0,0.265,0.04,0.03,0,0, -0.13,0.0,0,-0.12,0.0,0.0,0,0
0.11,6.999999999999992,0,0.435,0.01,0.03,0,0, -0.11,0.0,0,-0.05499999999999999,0.0,0.0,0,0
0,6.999999999999992,0,0.1,0.01,0,0,0, 0,0.0,0,0.0,0.0,0,0,0
0,6.999999999999992,0,0.33999999999999997,0.0,0.03,0,0, 0,0.0,0,0.0,0.0,0.0,0,0
0,6.999999999999992,0,0.33999999999999997,0.0,0.03,0,0, 0,0.0,0,0.0,0.0,0.0,0,0
0,6.999999999999992,0,0.1,0.01,0,0,0, 0,0.0,0,0.0,0.0,0,0,0
0,6.999999999999992,0,0.1,0.01,0,0,0, 0,0.0,0,0.0,0.0,0,0,0
0,6.999999999999992,0,0,0,0,0.55,0.01, 0,0.0,0,0,0,0,0.0,0.0
0,6.999999999999992,0,0.1,0.01,0,0,0, 0,0.0,0,0.0,0.0,0,0,0
0,6.999999999999992,0,0.1,0.01,0,0,0, 0,0.0,0,0.0,0.0,0,0,0
0,6.999999999999992,0,0.38,0.01,0.03,0,0, 0,0.0,0,0.0,0.0,0.0,0,0
0,6.999999999999992,0,0.38,0.01,0.03,0,0, 0,0.0,0,0.0,0.0,0.0,0,0
0,6.999999999999992,0,0.76,0.03,0.03,0,0, 0,0.0,0,0.0,0.0,0.0,0,0
0,6.999999999999992,0,0.735,0.04,0.03,0,0, 0,0.0,0,0.0,0.0,0.0,0,0
0,6.999999999999992,0,0.14500000000000002,0.04,0.03,0,0, 0,0.0,0,0.0,0.0,0.0,0,0
0,6.999999999999992,0,0.735,0.04,0.03,0,0, 0,0.0,0,0.0,0.0,0.0,0,0
0,6.999999999999992,0,0.14500000000000002,0.04,0.03,0,0, 0,0.0,0,0.0,0.0,0.0,0,0
0,6.999999999999992,0,0.1,0.01,0,0,0, 0,0.0,0,0.0,0.0,0,0,0
0,6.999999999999992,0,0.735,0.04,0.03,0,0, 0,0.0,0,0.0,0.0,0.0,0,0
0,6.999999999999992,0,0.76,0.03,0.03,0,0, 0,0.0,0,0.0,0.0,0.0,0,0
0,6.999999999999992,0,0.14500000000000002,0.04,0.03,0,0, 0,0.0,0,0.0,0.0,0.0,0,0
0,6.999999999999992,0,0,0,0,0.55,0.01, 0,0.0,0,0,0,0,0.0,0.0
0,6.999999999999992,0,0,0,0,0.46,0, 0.46,0.0,0,0,0,0,-0.09000000000000002,0
0.46,6.999999999999992,0,0.76,0.03,0.03,0,0, -0.38,0.0,0,-0.22999999999999998,0.0,0.0,0,0
0.08,6.999999999999992,0,0,0,0,0.37,0, 0.37,0.0,0,0,0,0,-0.06,0
0.45,6.999999999999992,0,0,0,0,0.55,0.01, 0.0,0.0,0,0,0,0,0.0,0.0
0.45,6.999999999999992,0,0,0,0,0.31,0, 0.31,0.0,0,0,0,0,0.15999999999999998,0
0.76,6.999999999999992,0,0.1,0.01,0,0,0, -0.09999999999999998,0.0,0.01,0.0,0.0,0,0,0
0.66,6.999999999999992,0.01,0.14500000000000002,0.04,0.03,0,0, -0.07000000000000006,0.09999999999999964,0.04,-0.14500000000000002,-0.04,0.0,0,0
0.59,7.099999999999992,0.05,0.735,0.04,0.03,0,0, -0.37,0.0,-0.030000000000000002,-0.295,0.0,0.0,0,0
0.22,7.099999999999992,0.02,0,0,0,0.55,0.01, 0.55,0.0,-0.01,0,0,0,0.32999999999999996,0.0
0.77,7.099999999999992,0.01,0.38,0.01,0.03,0,0, -0.19000000000000006,0.09999999999999964,0.01,-0.38,-0.01,0.0,0,0
0.58,7.199999999999991,0.02,0,0,0,0.88,0.01, 0.42000000000000004,0.0,-0.01,0,0,0,-0.010000000000000009,0.0
1,7.199999999999991,0.01,0.1,0.01,0,0,0, -0.09999999999999998,0.0,0.01,0.0,0.0,0,0,0
0.9,7.199999999999991,0.02,0.59,0.03,0.03,0,0, -0.30000000000000004,0.09999999999999964,0.030000000000000002,-0.59,-0.03,0.0,0,0
0.6,7.299999999999991,0.05,0,0,0,0.47,0, 0.4,0.0,0.0,0,0,0,-0.09999999999999998,0
1,7.299999999999991,0.05,0.53,0.05,0.03,0,0, -0.27,0.09999999999999964,0.05,-0.53,-0.05,0.0,0,0
0.73,7.399999999999991,0.1,0.44,0.04,0.03,0,0, -0.21999999999999997,0.09999999999999964,0.04000000000000001,-0.44,-0.04,0.0,0,0
0.51,7.49999999999999,0.14,0.53,0.03,0.03,0,0, -0.27,0.0,-0.030000000000000013,-0.255,0.0,0.0,0,0
0.24,7.49999999999999,0.11,0.275,0.03,0.03,0,0, -0.13999999999999999,0.0,-0.03,-0.12,0.0,0.0,0,0
0.1,7.49999999999999,0.08,0,0,0,0.37,0, 0.37,0.0,0.0,0,0,0,-0.08000000000000002,0
0.47,7.49999999999999,0.08,0,0,0,0.29,0, 0.29000000000000004,0.0,0.0,0,0,0,-0.09999999999999998,0
0.76,7.49999999999999,0.08,0,0,0,0.87,0.01, 0.24,0.0,-0.009999999999999995,0,0,0,-0.15000000000000002,0.0
1,7.49999999999999,0.07,0,0,0,0.72,0.01, 0,0.0,-0.010000000000000002,0,0,0,0.010000000000000009,0.0
1,7.49999999999999,0.060000000000000005,0.33999999999999997,0.0,0.03,0,0, -0.17000000000000004,0.09999999999999964,-6.938893903907228e-18,-0.33999999999999997,0.0,0.0,0,0
0.83,7.59999999999999,0.06,0.1,0.01,0,0,0, -0.09999999999999998,0.0,0.009999999999999995,0.0,0.0,0,0,0
0.73,7.59999999999999,0.06999999999999999,0.22,0.01,0.03,0,0, -0.10999999999999999,0.09999999999999964,0.010000000000000009,-0.22,-0.01,0.0,0,0
0.62,7.6999999999999895,0.08,0,0,0,0.19,0, 0.19000000000000006,0.0,0.0,0,0,0,0.31,0
0.81,7.6999999999999895,0.08,0,0,0,0.5,0, 0.18999999999999995,0.0,0.0,0,0,0,-0.18,0
1,7.6999999999999895,0.08,0,0,0,0.32,0, 0,0.0,0.0,0,0,0,0.14999999999999997,0
1,7.6999999999999895,0.08,0.55,0.03,0.03,0,0, -0.28,0.09999999999999964,0.03,-0.55,-0.03,0.0,0,0
0.72,7.799999999999989,0.11,0.25,0.03,0.03,0,0, -0.13,0.09999999999999964,0.030000000000000013,-0.25,-0.03,0.0,0,0
0.59,7.899999999999989,0.14,0,0,0,0.47,0, 0.41000000000000003,0.0,0.0,0,0,0,0.0,0
1,7.899999999999989,0.14,0,0,0,0.73,0.01, 0,0.0,-0.010000000000000009,0,0,0,0.25,0.0
1,7.899999999999989,0.13,0,0,0,0.98,0.01, 0,0.0,-0.009999999999999995,0,0,0,-0.24,0.0
1,7.899999999999989,0.12000000000000001,0,0,0,0.47,0, 0,0.0,0.0,0,0,0,-0.23999999999999996,0
1,7.899999999999989,0.12000000000000001,0.1,0.01,0,0,0, -0.09999999999999998,0.0,0.009999999999999995,0.0,0.0,0,0,0
0.9,7.899999999999989,0.13,0,0,0,0.23,0, 0.09999999999999998,0.0,0.0,0,0,0,0.24999999999999997,0
1,7.899999999999989,0.13,0.1,0.01,0,0,0, -0.09999999999999998,0.0,0.010000000000000009,0.0,0.0,0,0,0
0.9,7.899999999999989,0.14,0,0,0,0.74,0.01, 0.09999999999999998,0.0,-0.010000000000000009,0,0,0,0.06000000000000005,0.0
1,7.899999999999989,0.13,0.55,0.02,0.03,0,0, -0.28,0.09999999999999964,0.01999999999999999,-0.55,-0.02,0.0,0,0
0.72,7.9999999999999885,0.15,0,0,0,0.48,0, 0.28,0.0,0.0,0,0,0,0.020000000000000018,0
1,7.9999999999999885,0.15,0,0,0,0.5,0, 0,0.0,0.0,0,0,0,-0.25,0
1,7.9999999999999885,0.15,0,0,0,0.25,0, 0,0.0,0.0,0,0,0,0.2,0
1,7.9999999999999885,0.15,0.1,0.01,0,0,0, -0.09999999999999998,0.0,0.010000000000000009,0.0,0.0,0,0,0
0.9,7.9999999999999885,0.16,0.88,0.05,0.03,0,0, -0.44,0.10000000000000053,0.04999999999999999,-0.88,-0.05,0.0,0,0
0.46,8.099999999999989,0.21,0,0,0,0.45,0, 0.45,0.0,0.0,0,0,0,-0.28,0
0.91,8.099999999999989,0.21,0.89,0.02,0.03,0,0, -0.44000000000000006,0.09999999999999964,0.020000000000000018,-0.89,-0.02,0.0,0,0
0.47,8.199999999999989,0.23,0.1,0.01,0,0,0, -0.09999999999999998,0.0,0.010000000000000009,0.0,0.0,0,0,0
0.37,8.199999999999989,0.24000000000000002,0.61,0.02,0.03,0,0, -0.3,0.0,-0.030000000000000027,-0.185,0.0,0.0,0,0
0.07,8.199999999999989,0.21,0.425,0.02,0.03,0,0, -0.07,0.0,-0.03,-0.034999999999999976,0.0,0.0,0,0
0,8.199999999999989,0.18,0,0,0,0.8,0.01, 0.8,0.0,-0.010000000000000009,0,0,0,0.1399999999999999,0.0
0.8,8.199999999999989,0.16999999999999998,0.66,0.02,0.03,0,0, -0.33000000000000007,0.09999999999999964,0.020000000000000018,-0.66,-0.02,0.0,0,0
0.47,8.299999999999988,0.19,0.39,0.02,0.03,0,0, -0.19999999999999996,0.09999999999999964,0.01999999999999999,-0.39,-0.02,0.0,0,0
0.27,8.399999999999988,0.21,0,0,0,0.94,0.01, 0.73,0.0,-0.010000000000000009,0,0,0,-0.2699999999999999,0.0
1,8.399999999999988,0.19999999999999998,0.15500000000000003,0.03,0.03,0,0, -0.07999999999999996,0.09999999999999964,0.030000000000000027,-0.15500000000000003,-0.03,0.0,0,0
0.92,8.499999999999988,0.23,0,0,0,0.67,0.01, 0.07999999999999996,0.0,-0.010000000000000009,0,0,0,-0.07000000000000006,0.0
1,8.499999999999988,0.22,0,0,0,0.17,0, 0,0.0,0.0,0,0,0,-0.07,0
1,8.499999999999988,0.22,0.1,0.01,0,0,0, -0.09999999999999998,0.0,0.010000000000000009,0.0,0.0,0,0,0
0.9,8.499999999999988,0.23,0,0,0,0.1,0, 0.09999999999999998,0.0,0.0,0,0,0,0.38,0
1.0,8.499999999999988,0.23,0.45,0.0,0.03,0,0, -0.21999999999999997,0.09999999999999964,0.0,-0.45,0.0,0.0,0,0
0.78,8.599999999999987,0.23,0.99,0.05,0.03,0,0, -0.49000000000000005,0.0,-0.03,-0.39,0.0,0.0,0,0
0.29,8.599999999999987,0.2,0.1,0.01,0,0,0, -0.1,0.0,0.010000000000000009,0.0,0.0,0,0,0
0.18999999999999997,8.599999999999987,0.21000000000000002,0.61,0.03,0.03,0,0, -0.18999999999999997,0.0,-0.030000000000000027,-0.09499999999999997,0.0,0.0,0,0
0,8.599999999999987,0.18,0.1,0.01,0,0,0, 0,0.0,0.0,0.0,0.0,0,0,0
0,8.599999999999987,0.18,0.6,0.05,0.03,0,0, 0,0.0,-0.03,0.0,0.0,0.0,0,0
0,8.599999999999987,0.15,0.1,0.01,0,0,0, 0,0.0,0.0,0.0,0.0,0,0,0
0,8.599999999999987,0.15,0.65,0.03,0.03,0,0, 0,0.0,-0.03,0.0,0.0,0.0,0,0
0,8.599999999999987,0.12,0.515,0.03,0.03,0,0, 0,0.0,-0.03,0.0,0.0,0.0,0,0
0,8.599999999999987,0.09,0,0,0,0.6,0.01, 0.6,0.0,-0.009999999999999995,0,0,0,-0.09999999999999998,0.0
0.6,8.599999999999987,0.08,0,0,0,0.5,0.01, 0.4,0.0,-0.009999999999999995,0,0,0,0.020000000000000018,0.0
1,8.599999999999987,0.07,0.62,0.04,0.03,0,0, -0.31000000000000005,0.09999999999999964,0.039999999999999994,-0.62,-0.04,0.0,0,0
0.69,8.699999999999987,0.11,0.515,0.03,0.03,0,0, -0.25999999999999995,0.09999999999999964,0.030000000000000013,-0.515,-0.03,0.0,0,0
0.43,8.799999999999986,0.14,0.72,0.04,0.03,0,0, -0.36,0.0,-0.030000000000000013,-0.21499999999999997,0.0,0.0,0,0
0.07,8.799999999999986,0.11,0,0,0,0.52,0.01, 0.52,0.0,-0.009999999999999995,0,0,0,0.41999999999999993,0.0
0.5900000000000001,8.799999999999986,0.1,0.6,0.05,0.03,0,0, -0.3000000000000001,0.0,-0.03,-0.29500000000000004,0.0,0.0,0,0
0.29,8.799999999999986,0.07,0,0,0,0.48,0, 0.48000000000000004,0.0,0.0,0,0,0,-0.29,0
0.77,8.799999999999986,0.07,0,0,0,0.94,0.01, 0.22999999999999998,0.0,-0.010000000000000002,0,0,0,-0.12,0.0
1,8.799999999999986,0.060000000000000005,0,0,0,0.82,0.01, 0,0.0,-0.010000000000000002,0,0,0,-0.25,0.0
1,8.799999999999986,0.05,0,0,0,0.19,0, 0,0.0,0.0,0,0,0,0.22999999999999998,0
1,8.799999999999986,0.05,0.65,0.03,0.03,0,0, -0.31999999999999995,0.09999999999999964,0.03,-0.65,-0.03,0.0,0,0
0.68,8.899999999999986,0.08,0.72,0.04,0.03,0,0, -0.36000000000000004,0.0,-0.03,-0.34,0.0,0.0,0,0
0.32,8.899999999999986,0.05,0.30499999999999994,0.05,0.03,0,0, -0.15,0.09999999999999964,0.05,-0.30499999999999994,-0.05,0.0,0,0
0.17,8.999999999999986,0.1,0,0,0,0.57,0.01, 0.57,0.0,-0.009999999999999995,0,0,0,-0.04999999999999993,0.0
0.74,8.999999999999986,0.09000000000000001,0.25,0.04,0.03,0,0, -0.13,0.09999999999999964,0.039999999999999994,-0.25,-0.04,0.0,0,0
0.61,9.099999999999985,0.13,0.64,0.01,0.03,0,0, -0.32,0.0,-0.03,-0.305,0.0,0.0,0,0
0.29,9.099999999999985,0.1,0.21,0.02,0.03,0,0, -0.10999999999999999,0.09999999999999964,0.01999999999999999,-0.21,-0.02,0.0,0,0
0.18,9.199999999999985,0.12,0.505,0.04,0.03,0,0, -0.18,0.0,-0.03,-0.08999999999999997,0.0,0.0,0,0
0,9.199999999999985,0.09,0,0,0,0.52,0.01, 0.52,0.0,-0.009999999999999995,0,0,0,0.010000000000000009,0.0
0.52,9.199999999999985,0.08,0.91,0.03,0.03,0,0, -0.45,0.0,-0.03,-0.26,0.0,0.0,0,0
0.07,9.199999999999985,0.05,0.37999999999999995,0.04,0.03,0,0, -0.07,0.0,-0.030000000000000002,-0.034999999999999976,0.0,0.0,0,0
0,9.199999999999985,0.02,0.345,0.04,0.03,0,0, 0,0.0,-0.02,0.0,0.0,0.0,0,0
0,9.199999999999985,0,0.345,0.04,0.03,0,0, 0,0.0,0,0.0,0.0,0.0,0,0
0,9.199999999999985,0,0.82,0.01,0.03,0,0, 0,0.0,0,0.0,0.0,0.0,0,0
0,9.199999999999985,0,0.335,0.01,0.03,0,0, 0,0.0,0,0.0,0.0,0.0,0,0
0,9.199999999999985,0,0.1,0.01,0,0,0, 0,0.0,0,0.0,0.0,0,0,0
0,9.199999999999985,0,0,0,0,0.42,0, 0.42,0.0,0,0,0,0,-0.14999999999999997,0
0.42,9.199999999999985,0,0.65,0.03,0.03,0,0, -0.32999999999999996,0.0,0,-0.20999999999999996,0.0,0.0,0,0
0.09,9.199999999999985,0,0.345,0.04,0.03,0,0, -0.09,0.0,0,-0.044999999999999984,0.0,0.0,0,0
0,9.199999999999985,0,0,0,0,0.27,0, 0.27,0.0,0,0,0,0,0.09999999999999998,0
0.27,9.199999999999985,0,0,0,0,0.37,0, 0.37,0.0,0,0,0,0,-0.27,0
0.64,9.199999999999985,0,0,0,0,0.1,0, 0.09999999999999998,0.0,0,0,0,0,0.31999999999999995,0
0.74,9.199999999999985,0,0.3,0.04,0.03,0,0, -0.15000000000000002,0.09999999999999964,0.04,-0.3,-0.04,0.0,0,0
0.59,9.299999999999985,0.04,0.41500000000000004,0.04,0.03,0,0, -0.20999999999999996,0.09999999999999964,0.04,-0.41500000000000004,-0.04,0.0,0,0
0.38,9.399999999999984,0.08,0.52,0.02,0.03,0,0, -0.26,0.0,-0.03,-0.19,0.0,0.0,0,0
0.12,9.399999999999984,0.05,0.1,0.01,0,0,0, -0.1,0.0,0.010000000000000002,0.0,0.0,0,0,0
0.01999999999999999,9.399999999999984,0.060000000000000005,0.53,0.01,0.03,0,0, -0.01999999999999999,0.0,-0.030000000000000006,-0.010000000000000009,0.0,0.0,0,0
0,9.399999999999984,0.03,0,0,0,0.53,0.01, 0.53,0.0,-0.010000000000000002,0,0,0,0.16999999999999993,0.0
0.53,9.399999999999984,0.019999999999999997,0.44000000000000006,0.03,0.03,0,0, -0.22000000000000003,0.09999999999999964,0.030000000000000006,-0.44000000000000006,-0.03,0.0,0,0
0.31,9.499999999999984,0.05,0.33,0.02,0.03,0,0, -0.16999999999999998,0.0,-0.030000000000000002,-0.155,0.0,0.0,0,0
0.14,9.499999999999984,0.02,0.17500000000000002,0.02,0.03,0,0, -0.09000000000000001,0.0,-0.02,-0.07,0.0,0.0,0,0
0.05,9.499999999999984,0,0.56,0.05,0.03,0,0, -0.05,0.0,0,-0.025000000000000022,0.0,0.0,0,0
0,9.499999999999984,0,0.82,0.01,0.03,0,0, 0,0.0,0,0.0,0.0,0.0,0,0
0,9.499999999999984,0,0,0,0,0.7,0.01, 0,0.0,0,0,0,0,0.0,0.0
0,9.499999999999984,0,0.82,0.01,0.03,0,0, 0,0.0,0,0.0,0.0,0.0,0,0
0,9.499999999999984,0,0,0,0,0.7,0.01, 0,0.0,0,0,0,0,0.0,0.0
0,9.499999999999984,0,0.82,0.01,0.03,0,0, 0,0.0,0,0.0,0.0,0.0,0,0
0,9.499999999999984,0,0.535,0.05,0.03,0,0, 0,0.0,0,0.0,0.0,0.0,0,0
0,9.499999999999984,0,0.10500000000000001,0.02,0.03,0,0, 0,0.0,0,0.0,0.0,0.0,0,0
0,9.499999999999984,0,0.10500000000000001,0.02,0.03,0,0, 0,0.0,0,0.0,0.0,0.0,0,0
0,9.499999999999984,0,0,0,0,0.42,0, 0.42,0.0,0,0,0,0,-0.08999999999999997,0
0.42,9.499999999999984,0,0,0,0,0.33,0, 0.33,0.0,0,0,0,0,-0.07,0
0.75,9.499999999999984,0,0,0,0,0.26,0, 0.25,0.0,0,0,0,0,0.06,0
1,9.499999999999984,0,0,0,0,0.32,0, 0,0.0,0,0,0,0,-0.030000000000000027,0
1,9.499999999999984,0,0.82,0.01,0.03,0,0, -0.41000000000000003,0.09999999999999964,0.01,-0.82,-0.01,0.0,0,0
0.59,9.599999999999984,0.01,0,0,0,0.7,0.01, 0.41000000000000003,0.0,-0.01,0,0,0,0.15000000000000002,0.0
1,9.599999999999984,0.0,0,0,0,0.29,0, 0,0.0,0.0,0,0,0,0.010000000000000009,0
1,9.599999999999984,0.0,0.335,0.01,0.03,0,0, -0.17000000000000004,0.09999999999999964,0.01,-0.335,-0.01,0.0,0,0
0.83,9.699999999999983,0.01,0.52,0.01,0.03,0,0, -0.26,0.09999999999999964,0.01,-0.52,-0.01,0.0,0,0
0.57,9.799999999999983,0.02,0,0,0,0.85,0.01, 0.43000000000000005,0.0,-0.01,0,0,0,0.06000000000000005,0.0
1,9.799999999999983,0.01,0.1,0.01,0,0,0, -0.09999999999999998,0.0,0.01,0.0,0.0,0,0,0
0.9,9.799999999999983,0.02,0.22,0.05,0.03,0,0, -0.10999999999999999,0.09999999999999964,0.05,-0.22,-0.05,0.0,0,0
0.79,9.899999999999983,0.07,0.33,0.04,0.03,0,0, -0.17000000000000004,0.09999999999999964,0.039999999999999994,-0.33,-0.04,0.0,0,0
0.62,9.999999999999982,0.11,0.10500000000000001,0.02,0.03,0,0, -0.050000000000000044,0.09999999999999964,0.020000000000000004,-0.10500000000000001,-0.02,0.0,0,0
0.57,10.099999999999982,0.13,0.77,0.04,0.03,0,0, -0.38999999999999996,0.0,-0.03,-0.285,0.0,0.0,0,0
0.18,10.099999999999982,0.1,0.98,0.03,0.03,0,0, -0.18,0.0,-0.03,-0.08999999999999997,0.0,0.0,0,0
0,10.099999999999982,0.07,0.48500000000000004,0.04,0.03,0,0, 0,0.0,-0.030000000000000006,0.0,0.0,0.0,0,0
0,10.099999999999982,0.04,0.83,0.05,0.03,0,0, 0,0.0,-0.03,0.0,0.0,0.0,0,0
0,10.099999999999982,0.01,0.83,0.05,0.03,0,0, 0,0.0,-0.01,0.0,0.0,0.0,0,0
0,10.099999999999982,0,0.83,0.05,0.03,0,0, 0,0.0,0,0.0,0.0,0.0,0,0
0,10.099999999999982,0,0.86,0.01,0.03,0,0, 0,0.0,0,0.0,0.0,0.0,0,0
0,10.099999999999982,0,0,0,0,0.91,0.01, 0,0.0,0,0,0,0,0.0,0.0
0,10.099999999999982,0,0,0,0,0.91,0.01, 0,0.0,0,0,0,0,0.0,0.0
0,10.099999999999982,0,0.86,0.01,0.03,0,0, 0,0.0,0,0.0,0.0,0.0,0,0
0,10.099999999999982,0,0.535,0.05,0.03,0,0, 0,0.0,0,0.0,0.0,0.0,0,0
0,10.099999999999982,0,0.83,0.05,0.03,0,0, 0,0.0,0,0.0,0.0,0.0,0,0
0,10.099999999999982,0,0.83,0.05,0.03,0,0, 0,0.0,0,0.0,0.0,0.0,0,0
0,10.099999999999982,0,0,0,0,0.91,0.01, 0,0.0,0,0,0,0,0.0,0.0
0,10.099999999999982,0,0.83,0.05,0.03,0,0, 0,0.0,0,0.0,0.0,0.0,0,0
0,10.099999999999982,0,0.535,0.05,0.03,0,0, 0,0.0,0,0.0,0.0,0.0,0,0
0,10.099999999999982,0,0.89,0.03,0.03,0,0, 0,0.0,0,0.0,0.0,0.0,0,0
0,10.099999999999982,0,0.535,0.05,0.03,0,0, 0,0.0,0,0.0,0.0,0.0,0,0
0,10.099999999999982,0,0,0,0,0.91,0.01, 0,0.0,0,0,0,0,0.0,0.0
0,10.099999999999982,0,0.48500000000000004,0.04,0.03,0,0, 0,0.0,0,0.0,0.0,0.0,0,0
0,10.099999999999982,0,0,0,0,0.91,0.01, 0,0.0,0,0,0,0,0.0,0.0
0,10.099999999999982,0,0.86,0.01,0.03,0,0, 0,0.0,0,0.0,0.0,0.0,0,0
0,10.099999999999982,0,0.48500000000000004,0.04,0.03,0,0, 0,0.0,0,0.0,0.0,0.0,0,0
0,10.099999999999982,0,0.535,0.05,0.03,0,0, 0,0.0,0,0.0,0.0,0.0,0,0
0,10.099999999999982,0,0.86,0.01,0.03,0,0, 0,0.0,0,0.0,0.0,0.0,0,0
0,10.099999999999982,0,0.83,0.05,0.03,0,0, 0,0.0,0,0.0,0.0,0.0,0,0
0,10.099999999999982,0,0.48500000000000004,0.04,0.03,0,0, 0,0.0,0,0.0,0.0,0.0,0,0
0,10.099999999999982,0,0,0,0,0.3,0, 0.3,0.0,0,0,0,0,-0.07999999999999999,0
0.3,10.099999999999982,0,0.86,0.01,0.03,0,0, -0.3,0.0,0,-0.15000000000000002,0.0,0.0,0,0
0,10.099999999999982,0,0,0,0,0.22,0, 0.22,0.0,0,0,0,0,-0.010000000000000009,0
0.22,10.099999999999982,0,0.83,0.05,0.03,0,0, -0.22,0.0,0,-0.10999999999999999,0.0,0.0,0,0
0,10.099999999999982,0,0,0,0,0.91,0.01, 0,0.0,0,0,0,0,0.0,0.0
0,10.099999999999982,0,0,0,0,0.91,0.01, 0,0.0,0,0,0,0,0.0,0.0
0,10.099999999999982,0,0.535,0.05,0.03,0,0, 0,0.0,0,0.0,0.0,0.0,0,0
0,10.099999999999982,0,0.1,0.01,0,0,0, 0,0.0,0,0.0,0.0,0,0,0
0,10.099999999999982,0,0.1,0.01,0,0,0, 0,0.0,0,0.0,0.0,0,0,0
0,10.099999999999982,0,0,0,0,0.21,0, 0.21,0.0,0,0,0,0,0.18000000000000002,0
0.21,10.099999999999982,0,0,0,0,0.91,0.01, 0.0,0.0,0,0,0,0,0.0,0.0
0.21,10.099999999999982,0,0.72,0.05,0.03,0,0, -0.21,0.0,0,-0.10499999999999998,0.0,0.0,0,0
0,10.099999999999982,0,0,0,0,0.91,0.01, 0,0.0,0,0,0,0,0.0,0.0
0,10.099999999999982,0,0.1,0.01,0,0,0, 0,0.0,0,0.0,0.0,0,0,0
0,10.099999999999982,0,0,0,0,0.39,0, 0.39,0.0,0,0,0,0,-0.10999999999999999,0
0.39,10.099999999999982,0,0,0,0,0.91,0.01, 0.0,0.0,0,0,0,0,0.0,0.0
0.39,10.099999999999982,0,0.535,0.05,0.03,0,0, -0.27,0.0,0,-0.195,0.0,0.0,0,0
0.12,10.099999999999982,0,0.89,0.03,0.03,0,0, -0.12,0.0,0,-0.05999999999999994,0.0,0.0,0,0
0,10.099999999999982,0,0,0,0,0.28,0, 0.28,0.0,0,0,0,0,0.06,0
0.28,10.099999999999982,0,0.1,0.01,0,0,0, -0.1,0.0,0.01,0.0,0.0,0,0,0
0.18000000000000002,10.099999999999982,0.01,0.8300000000000001,0.03,0.03,0,0, -0.18000000000000002,0.0,-0.01,-0.08999999999999997,0.0,0.0,0,0
0,10.099999999999982,0,0.48500000000000004,0.04,0.03,0,0, 0,0.0,0,0.0,0.0,0.0,0,0
0,10.099999999999982,0,0.34,0.05,0.03,0,0, 0,0.0,0,0.0,0.0,0.0,0,0
0,10.099999999999982,0,0.34,0.05,0.03,0,0, 0,0.0,0,0.0,0.0,0.0,0,0
0,10.099999999999982,0,0.34,0.05,0.03,0,0, 0,0.0,0,0.0,0.0,0.0,0,0
0,10.099999999999982,0,0,0,0,0.34,0, 0.34,0.0,0,0,0,0,0.15999999999999998,0
0.34,10.099999999999982,0,0.34,0.05,0.03,0,0, -0.17,0.0,0,-0.17,0.0,0.0,0,0
0.17,10.099999999999982,0,0.71,0.01,0.03,0,0, -0.17,0.0,0,-0.08499999999999996,0.0,0.0,0,0
0,10.099999999999982,0,0.7400000000000001,0.03,0.03,0,0, 0,0.0,0,0.0,0.0,0.0,0,0
0,10.099999999999982,0,0.7400000000000001,0.03,0.03,0,0, 0,0.0,0,0.0,0.0,0.0,0,0
0,10.099999999999982,0,0.615,0.05,0.03,0,0, 0,0.0,0,0.0,0.0,0.0,0,0
0,10.099999999999982,0,0.625,0.01,0.03,0,0, 0,0.0,0,0.0,0.0,0.0,0,0
0,10.099999999999982,0,0,0,0,0.5,0, 0.5,0.0,0,0,0,0,-0.22999999999999998,0
0.5,10.099999999999982,0,0.1,0.01,0,0,0, -0.09999999999999998,0.0,0.01,0.0,0.0,0,0,0
0.4,10.099999999999982,0.01,0.615,0.05,0.03,0,0, -0.31000000000000005,0.0,-0.01,-0.2,0.0,0.0,0,0
0.09,10.099999999999982,0,0.17,0.05,0.03,0,0, -0.09,0.0,0,-0.04500000000000001,0.0,0.0,0,0
0.0,10.099999999999982,0,0.625,0.01,0.03,0,0, 0.0,0.0,0,0.0,0.0,0.0,0,0
0,10.099999999999982,0,0.125,0.05,0.03,0,0, 0,0.0,0,0.0,0.0,0.0,0,0
0,10.099999999999982,0,0.125,0.05,0.03,0,0, 0,0.0,0,0.0,0.0,0.0,0,0
0,10.099999999999982,0,0.625,0.01,0.03,0,0, 0,0.0,0,0.0,0.0,0.0,0,0
0,10.099999999999982,0,0.48500000000000004,0.04,0.03,0,0, 0,0.0,0,0.0,0.0,0.0,0,0
0,10.099999999999982,0,0.125,0.05,0.03,0,0, 0,0.0,0,0.0,0.0,0.0,0,0
0,10.099999999999982,0,0,0,0,0.91,0.01, 0,0.0,0,0,0,0,0.0,0.0
0,10.099999999999982,0,0.625,0.01,0.03,0,0, 0,0.0,0,0.0,0.0,0.0,0,0
0,10.099999999999982,0,0.415,0.05,0.03,0,0, 0,0.0,0,0.0,0.0,0.0,0,0
0,10.099999999999982,0,0,0,0,0.27,0, 0.27,0.0,0,0,0,0,0.18,0
0.27,10.099999999999982,0,0,0,0,0.91,0.01, 0.0,0.0,0,0,0,0,0.0,0.0
0.27,10.099999999999982,0,0,0,0,0.91,0.01, 0.0,0.0,0,0,0,0,0.0,0.0
0.27,10.099999999999982,0,0,0,0,0.45,0, 0.44999999999999996,0.0,0,0,0,0,-0.21000000000000002,0
0.72,10.099999999999982,0,0.1,0.01,0,0,0, -0.09999999999999998,0.0,0.01,0.0,0.0,0,0,0
0.62,10.099999999999982,0.01,0.625,0.01,0.03,0,0, -0.31,0.0,-0.01,-0.31,0.0,0.0,0,0
0.31,10.099999999999982,0,0,0,0,0.24,0, 0.24000000000000005,0.0,0,0,0,0,0.030000000000000027,0
0.55,10.099999999999982,0,0.315,0.01,0.03,0,0, -0.16000000000000003,0.09999999999999964,0.01,-0.315,-0.01,0.0,0,0
0.39,10.199999999999982,0.01,0.125,0.05,0.03,0,0, -0.06,0.09999999999999964,0.049999999999999996,-0.125,-0.05,0.0,0,0
0.33,10.299999999999981,0.06,0.1,0.01,0,0,0, -0.1,0.0,0.009999999999999995,0.0,0.0,0,0,0
0.23,10.299999999999981,0.06999999999999999,0.48500000000000004,0.04,0.03,0,0, -0.23,0.0,-0.029999999999999992,-0.11499999999999999,0.0,0.0,0,0
0,10.299999999999981,0.04,0.415,0.05,0.03,0,0, 0,0.0,-0.03,0.0,0.0,0.0,0,0
0,10.299999999999981,0.01,0.5,0.01,0.03,0,0, 0,0.0,-0.01,0.0,0.0,0.0,0,0
0,10.299999999999981,0,0.37000000000000005,0.04,0.03,0,0, 0,0.0,0,0.0,0.0,0.0,0,0
0,10.299999999999981,0,0.1,0.01,0,0,0, 0,0.0,0,0.0,0.0,0,0,0
0,10.299999999999981,0,0.31,0.0,0.03,0,0, 0,0.0,0,0.0,0.0,0.0,0,0
0,10.299999999999981,0,0,0,0,0.91,0.01, 0,0.0,0,0,0,0,0.0,0.0
0,10.299999999999981,0,0,0,0,0.27,0, 0.27,0.0,0,0,0,0,-0.13,0
0.27,10.299999999999981,0,0,0,0,0.14,0, 0.14,0.0,0,0,0,0,0.32,0
0.41000000000000003,10.299999999999981,0,0.37000000000000005,0.04,0.03,0,0, -0.18000000000000002,0.09999999999999964,0.04,-0.37000000000000005,-0.04,0.0,0,0
0.23,10.39999999999998,0.04,0,0,0,0.91,0.01, 0.77,0.0,-0.010000000000000002,0,0,0,-0.36,0.0
1,10.39999999999998,0.03,0.1,0.01,0,0,0, -0.09999999999999998,0.0,0.010000000000000002,0.0,0.0,0,0,0
0.9,10.39999999999998,0.04,0.31,0.0,0.03,0,0, -0.16000000000000003,0.09999999999999964,0.0,-0.31,0.0,0.0,0,0
0.74,10.49999999999998,0.04,0.1,0.01,0,0,0, -0.09999999999999998,0.0,0.010000000000000002,0.0,0.0,0,0,0
0.64,10.49999999999998,0.05,0,0,0,0.55,0.01, 0.36,0.0,-0.010000000000000002,0,0,0,0.010000000000000009,0.0
1,10.49999999999998,0.04,0,0,0,0.56,0.01, 0,0.0,-0.010000000000000002,0,0,0,0.05999999999999994,0.0
1,10.49999999999998,0.03,0.5,0.01,0.03,0,0, -0.25,0.09999999999999964,0.010000000000000002,-0.5,-0.01,0.0,0,0
0.75,10.59999999999998,0.04,0,0,0,0.46,0, 0.25,0.0,0.0,0,0,0,0.009999999999999953,0
1,10.59999999999998,0.04,0,0,0,0.62,0.01, 0,0.0,-0.010000000000000002,0,0,0,0.020000000000000018,0.0
1,10.59999999999998,0.03,0.1,0.01,0,0,0, -0.09999999999999998,0.0,0.010000000000000002,0.0,0.0,0,0,0
0.9,10.59999999999998,0.04,0,0,0,0.64,0.01, 0.09999999999999998,0.0,-0.010000000000000002,0,0,0,0.16000000000000003,0.0
1,10.59999999999998,0.03,0,0,0,0.8,0.01, 0,0.0,-0.010000000000000002,0,0,0,-0.020000000000000018,0.0
1,10.59999999999998,0.019999999999999997,0.1,0.01,0,0,0, -0.09999999999999998,0.0,0.010000000000000002,0.0,0.0,0,0,0
0.9,10.59999999999998,0.03,0,0,0,0.47,0, 0.09999999999999998,0.0,0.0,0,0,0,-0.18999999999999995,0
1,10.59999999999998,0.03,0,0,0,0.28,0, 0,0.0,0.0,0,0,0,0.21999999999999997,0
1,10.59999999999998,0.03,0,0,0,0.5,0, 0,0.0,0.0,0,0,0,-0.14,0
1,10.59999999999998,0.03,0,0,0,0.78,0.01, 0,0.0,-0.010000000000000002,0,0,0,-0.09999999999999998,0.0
1,10.59999999999998,0.019999999999999997,0,0,0,0.36,0, 0,0.0,0.0,0,0,0,-0.06,0
1,10.59999999999998,0.019999999999999997,0,0,0,0.3,0, 0,0.0,0.0,0,0,0,0.19,0
1,10.59999999999998,0.019999999999999997,0,0,0,0.68,0.01, 0,0.0,-0.01,0,0,0,0.29999999999999993,0.0
1,10.59999999999998,0.009999999999999997,0,0,0,0.98,0.01, 0,0.0,0.0,0,0,0,0.0,0.0
1,10.59999999999998,0.009999999999999997,0.46,0.05,0.03,0,0, -0.22999999999999998,0.09999999999999964,0.05,-0.46,-0.05,0.0,0,0
0.77,10.69999999999998,0.06,0.36,0.02,0.03,0,0, -0.18000000000000005,0.09999999999999964,0.020000000000000004,-0.36,-0.02,0.0,0,0
0.59,10.79999999999998,0.08,0,0,0,0.98,0.01, 0.41000000000000003,0.0,-0.009999999999999995,0,0,0,-0.10999999999999999,0.0
1,10.79999999999998,0.07,0.98,0.03,0.03,0,0, -0.49,0.09999999999999964,0.03,-0.98,-0.03,0.0,0,0
0.51,10.899999999999979,0.1,0,0,0,0.87,0.01, 0.49,0.0,-0.009999999999999995,0,0,0,0.08999999999999997,0.0
1,10.899999999999979,0.09000000000000001,0,0,0,0.96,0.01, 0,0.0,-0.009999999999999995,0,0,0,-0.22999999999999998,0.0
1,10.899999999999979,0.08000000000000002,0.5,0.04,0.03,0,0, -0.25,0.09999999999999964,0.03999999999999998,-0.5,-0.04,0.0,0,0
0.75,10.999999999999979,0.12,0,0,0,0.49,0, 0.25,0.0,0.0,0,0,0,-0.24,0
1,10.999999999999979,0.12,0,0,0,0.73,0.01, 0,0.0,-0.009999999999999995,0,0,0,-0.15000000000000002,0.0
1,10.999999999999979,0.11,0.65,0.02,0.03,0,0, -0.31999999999999995,0.09999999999999964,0.020000000000000004,-0.65,-0.02,0.0,0,0
0.68,11.099999999999978,0.13,0.7400000000000001,0.03,0.03,0,0, -0.37000000000000005,0.0,-0.03,-0.34,0.0,0.0,0,0
0.31,11.099999999999978,0.1,0.59,0.04,0.03,0,0, -0.29,0.0,-0.03,-0.15500000000000003,0.0,0.0,0,0
0.02,11.099999999999978,0.07,0.79,0.01,0.03,0,0, -0.02,0.0,-0.030000000000000006,-0.010000000000000009,0.0,0.0,0,0
0,11.099999999999978,0.04,0,0,0,0.58,0.01, 0.58,0.0,-0.010000000000000002,0,0,0,-0.06999999999999995,0.0
0.58,11.099999999999978,0.03,0.43499999999999994,0.04,0.03,0,0, -0.21999999999999997,0.09999999999999964,0.04000000000000001,-0.43499999999999994,-0.04,0.0,0,0
0.36,11.199999999999978,0.07,0,0,0,0.25,0, 0.25,0.0,0.0,0,0,0,-0.13,0
0.61,11.199999999999978,0.07,0,0,0,0.12,0, 0.12,0.0,0.0,0,0,0,0.2,0
0.73,11.199999999999978,0.07,0,0,0,0.51,0.01, 0.27,0.0,-0.010000000000000002,0,0,0,0.33999999999999997,0.0
1,11.199999999999978,0.060000000000000005,0.78,0.01,0.03,0,0, -0.39,0.09999999999999964,0.010000000000000002,-0.78,-0.01,0.0,0,0
0.61,11.299999999999978,0.07,0.4000000000000001,0.03,0.03,0,0, -0.2,0.09999999999999964,0.03,-0.4000000000000001,-0.03,0.0,0,0
0.41,11.399999999999977,0.1,0.415,0.05,0.03,0,0, -0.20999999999999996,0.0,-0.03,-0.205,0.0,0.0,0,0
0.2,11.399999999999977,0.07,0.84,0.01,0.03,0,0, -0.2,0.0,-0.030000000000000006,-0.09999999999999998,0.0,0.0,0,0
0,11.399999999999977,0.04,0,0,0,0.32,0, 0.32,0.0,0.0,0,0,0,0.08999999999999997,0
0.32,11.399999999999977,0.04,0.38,0.04,0.03,0,0, -0.19,0.0,-0.03,-0.16,0.0,0.0,0,0
0.13,11.399999999999977,0.01,0.74,0.01,0.03,0,0, -0.13,0.0,-0.01,-0.06499999999999995,0.0,0.0,0,0
0,11.399999999999977,0,0.22,0.04,0.03,0,0, 0,0.0,0,0.0,0.0,0.0,0,0
0,11.399999999999977,0,0.5,0.05,0.03,0,0, 0,0.0,0,0.0,0.0,0.0,0,0
0,11.399999999999977,0,0.21,0.05,0.03,0,0, 0,0.0,0,0.0,0.0,0.0,0,0
0,11.399999999999977,0,0.5,0.05,0.03,0,0, 0,0.0,0,0.0,0.0,0.0,0,0
0,11.399999999999977,0,0.675,0.01,0.03,0,0, 0,0.0,0,0.0,0.0,0.0,0,0
0,11.399999999999977,0,0.5,0.05,0.03,0,0, 0,0.0,0,0.0,0.0,0.0,0,0
0,11.399999999999977,0,0.5,0.05,0.03,0,0, 0,0.0,0,0.0,0.0,0.0,0,0
0,11.399999999999977,0,0.1,0.01,0,0,0, 0,0.0,0,0.0,0.0,0,0,0
0,11.399999999999977,0,0,0,0,0.85,0.01, 0,0.0,0,0,0,0,0.0,0.0
0,11.399999999999977,0,0.1,0.01,0,0,0, 0,0.0,0,0.0,0.0,0,0,0
0,11.399999999999977,0,0,0,0,0.85,0.01, 0,0.0,0,0,0,0,0.0,0.0
0,11.399999999999977,0,0.5,0.03,0.03,0,0, 0,0.0,0,0.0,0.0,0.0,0,0
0,11.399999999999977,0,0.675,0.01,0.03,0,0, 0,0.0,0,0.0,0.0,0.0,0,0
0,11.399999999999977,0,0.21,0.05,0.03,0,0, 0,0.0,0,0.0,0.0,0.0,0,0
0,11.399999999999977,0,0,0,0,0.85,0.01, 0,0.0,0,0,0,0,0.0,0.0
0,11.399999999999977,0,0.1,0.01,0,0,0, 0,0.0,0,0.0,0.0,0,0,0
